0
0
0
0
0
0
0
0
0
0
0
0
0
0
0
0
-0.84
-0.873
-0.876
-0.222
-0.233
-0.265
-0.29
-0.44
-1.605
-1.706
-1.795
-1.854
-1.858
-0.516
-0.61
-0.645
-0.674
-0.702
-0.73
-0.419
-0.273
-0.298
-0.321
-0.338
-0.441
-0.844
-0.951
-0.975
-0.996
-0.928
-0.701
-0.693
-0.716
-0.733
-0.629
-0.201
-0.137
-0.157
-0.181
-0.226
-0.29
-0.29
-0.289
-0.289
-0.456
-1.019
-1.093
-1.101
-1.128
-1.022
-0.756
-0.75
-0.741
-0.705
0
-0.348
-0.395
-0.485
-0.471
-0.462
-0.441
-0.416
-0.447
-0.425
-0.426
-0.418
-0.44
-0.47
-0.467
-0.43
-0.395
-0.414
-0.409
-0.407
-0.452
-0.399
-0.369
-0.335
-0.357
-0.353
-0.325
-0.365
-0.286
-0.296
-0.336
-0.391
-0.334
-0.402
-0.344
-0.347
-0.311
-0.327
-0.324
-0.322
-0.379
-0.397
-0.415
-0.363
-0.369
-0.351
-0.38
-0.341
-0.373
-0.422
-0.395
-0.389
-0.427
-0.397
-0.383
-0.369
-0.383
-0.42
-0.365
-0.357
-0.362
-0.351
-0.339
-0.316
-0.311
-0.323
-0.32
-0.287
-0.302
-0.309
-0.256
-0.257
-0.295
-0.314
-0.295
-0.324
-0.33
-0.317
-0.316
-0.311
-0.293
