1.454 1.482 1.518 1.554 1.592 1.63 1.664 1.699 1.737 1.774 1.819 1.871 1.925 1.955 1.986 2.022 2.073 2.164 2.128 2.05 2.118 2.109 2.088 2.062 2.002 2.049 2.001 1.976 1.969 1.975 2.106 2.114 2.182 2.247 2.3 2.366 2.436 2.495 2.543 2.583 2.63 2.682 2.72 2.711 2.693 2.695 2.707 2.742 2.744 2.734 2.707 2.674 2.647 2.607 2.586 2.669 2.751 2.863 2.982 3.094 3.187 3.272 3.343 3.325 3.289 3.25 3.241 3.246 3.268 3.299 3.315 3.321 3.325 3.314 3.291 3.273 3.256 3.244 3.239 3.241 3.247 3.257 3.272 3.289 3.306 3.321 3.337 3.357 3.373 3.387 3.397 3.405 3.417 3.428 3.438 3.444 3.454 3.46 3.453 3.447 3.443 3.435 3.429 3.416 3.404 3.389 3.376 3.364 3.358 3.348 3.341 3.328 3.32 3.314 3.309 3.303 3.299 3.291 3.287 3.283 3.273 3.269 3.261 3.249 3.235 3.226 3.218 3.21 3.194 3.18 3.165 3.147 3.127 3.11 3.094 3.076 3.062 3.045 3.026 3.011 2.992 2.974 2.958 2.942 2.926 2.909 2.893 2.879 2.863 2.847 2.834 2.82
1.269 1.348 1.375 1.408 1.442 1.478 1.515 1.547 1.582 1.619 1.656 1.7 1.752 1.806 1.839 1.872 1.91 1.962 2.021 1.993 1.949 2.005 1.991 1.967 1.937 1.856 1.885 1.849 1.836 1.842 1.864 1.994 2.002 2.068 2.131 2.182 2.27 2.325 2.381 2.428 2.466 2.5 2.561 2.595 2.588 2.57 2.58 2.606 2.644 2.645 2.635 2.62 2.608 2.592 2.552 2.529 2.602 2.679 2.79 2.908 3.02 3.089 3.187 3.256 3.237 3.199 3.166 3.156 3.164 3.185 3.219 3.279 3.264 3.285 3.275 3.248 3.231 3.215 3.204 3.201 3.203 3.211 3.221 3.237 3.253 3.27 3.288 3.304 3.324 3.341 3.356 3.365 3.375 3.387 3.401 3.411 3.418 3.429 3.433 3.429 3.423 3.419 3.411 3.406 3.392 3.381 3.367 3.355 3.343 3.337 3.329 3.32 3.307 3.298 3.294 3.288 3.285 3.28 3.274 3.268 3.264 3.256 3.25 3.242 3.232 3.218 3.21 3.202 3.193 3.178 3.165 3.149 3.132 3.113 3.097 3.08 3.062 3.048 3.032 3.014 2.998 2.98 2.963 2.947 2.931 2.915 2.896 2.882 2.868 2.852 2.836 2.824
1.13 1.229 1.307 1.333 1.366 1.398 1.435 1.47 1.503 1.536 1.574 1.612 1.655 1.708 1.764 1.797 1.832 1.864 1.915 1.949 1.939 1.91 1.953 1.932 1.902 1.83 1.762 1.776 1.75 1.749 1.775 1.804 1.931 1.937 2 2.064 2.132 2.214 2.268 2.32 2.367 2.394 2.436 2.493 2.527 2.519 2.506 2.527 2.554 2.589 2.592 2.587 2.605 2.594 2.578 2.538 2.515 2.582 2.659 2.77 2.888 2.994 3.057 3.153 3.221 3.201 3.167 3.132 3.122 3.131 3.154 3.206 3.256 3.247 3.266 3.252 3.226 3.21 3.195 3.184 3.181 3.184 3.191 3.202 3.217 3.233 3.252 3.27 3.286 3.306 3.324 3.337 3.348 3.359 3.372 3.385 3.395 3.403 3.413 3.419 3.415 3.409 3.403 3.396 3.39 3.378 3.367 3.353 3.342 3.33 3.324 3.314 3.306 3.292 3.286 3.281 3.276 3.272 3.267 3.26 3.255 3.25 3.242 3.237 3.23 3.22 3.206 3.198 3.189 3.182 3.166 3.154 3.138 3.122 3.103 3.087 3.07 3.053 3.039 3.023 3.004 2.99 2.972 2.953 2.938 2.922 2.906 2.887 2.873 2.859 2.843 2.828
1.052 1.108 1.205 1.281 1.307 1.339 1.372 1.407 1.442 1.475 1.509 1.546 1.584 1.629 1.682 1.737 1.771 1.812 1.853 1.903 1.917 1.918 1.903 1.933 1.901 1.82 1.751 1.694 1.694 1.68 1.702 1.734 1.762 1.888 1.892 1.955 2.03 2.099 2.179 2.233 2.285 2.325 2.351 2.39 2.447 2.48 2.476 2.466 2.486 2.514 2.55 2.556 2.588 2.603 2.593 2.578 2.541 2.507 2.574 2.651 2.762 2.879 2.969 3.03 3.127 3.193 3.175 3.143 3.107 3.099 3.107 3.144 3.189 3.242 3.233 3.248 3.234 3.209 3.194 3.178 3.168 3.164 3.168 3.175 3.185 3.2 3.218 3.236 3.254 3.271 3.291 3.309 3.323 3.335 3.345 3.359 3.371 3.382 3.389 3.401 3.407 3.403 3.395 3.391 3.383 3.378 3.366 3.356 3.343 3.33 3.32 3.312 3.302 3.293 3.282 3.274 3.27 3.265 3.261 3.256 3.249 3.244 3.24 3.231 3.226 3.219 3.208 3.196 3.186 3.178 3.172 3.156 3.144 3.13 3.113 3.094 3.079 3.061 3.045 3.031 3.015 2.997 2.983 2.964 2.946 2.93 2.914 2.898 2.879 2.865 2.851 2.836
0.99 1.038 1.093 1.19 1.265 1.29 1.321 1.354 1.389 1.425 1.457 1.491 1.529 1.567 1.612 1.664 1.721 1.757 1.803 1.851 1.868 1.896 1.908 1.905 1.918 1.827 1.746 1.68 1.633 1.622 1.637 1.667 1.696 1.726 1.848 1.853 1.927 2.006 2.073 2.154 2.206 2.253 2.29 2.314 2.353 2.409 2.444 2.44 2.43 2.451 2.478 2.518 2.561 2.591 2.604 2.597 2.586 2.534 2.501 2.567 2.644 2.754 2.849 2.937 2.998 3.094 3.162 3.151 3.118 3.083 3.075 3.1 3.13 3.178 3.231 3.219 3.233 3.22 3.195 3.179 3.164 3.155 3.151 3.154 3.162 3.172 3.186 3.206 3.224 3.242 3.259 3.278 3.297 3.311 3.323 3.334 3.347 3.361 3.371 3.38 3.391 3.396 3.391 3.385 3.381 3.373 3.368 3.356 3.347 3.333 3.321 3.309 3.302 3.292 3.284 3.272 3.264 3.26 3.256 3.252 3.246 3.239 3.234 3.23 3.222 3.217 3.21 3.2 3.186 3.178 3.17 3.163 3.148 3.136 3.122 3.106 3.086 3.07 3.054 3.038 3.024 3.009 2.991 2.976 2.957 2.939 2.923 2.907 2.891 2.872 2.858 2.845
0.939 0.981 1.029 1.083 1.179 1.253 1.278 1.311 1.343 1.378 1.413 1.446 1.479 1.518 1.555 1.6 1.654 1.707 1.75 1.8 1.824 1.841 1.882 1.903 1.909 1.85 1.758 1.677 1.614 1.578 1.582 1.605 1.634 1.664 1.691 1.813 1.83 1.908 1.986 2.054 2.134 2.183 2.226 2.259 2.283 2.32 2.379 2.412 2.409 2.398 2.418 2.45 2.522 2.563 2.592 2.608 2.604 2.578 2.526 2.492 2.56 2.636 2.716 2.81 2.897 2.957 3.057 3.136 3.124 3.091 3.057 3.07 3.085 3.122 3.169 3.219 3.206 3.221 3.209 3.184 3.168 3.153 3.144 3.14 3.143 3.149 3.161 3.177 3.195 3.213 3.231 3.248 3.268 3.286 3.302 3.314 3.324 3.339 3.352 3.362 3.372 3.382 3.387 3.382 3.376 3.371 3.365 3.361 3.348 3.338 3.325 3.313 3.301 3.293 3.283 3.275 3.263 3.256 3.253 3.248 3.242 3.238 3.23 3.225 3.221 3.213 3.209 3.201 3.191 3.178 3.171 3.163 3.155 3.141 3.129 3.115 3.099 3.08 3.065 3.048 3.031 3.019 3.003 2.984 2.97 2.952 2.932 2.916 2.9 2.884 2.867 2.852
0.895 0.933 0.975 1.023 1.077 1.172 1.246 1.271 1.303 1.335 1.37 1.405 1.438 1.471 1.51 1.548 1.593 1.644 1.698 1.747 1.782 1.801 1.818 1.869 1.9 1.855 1.787 1.692 1.611 1.553 1.545 1.552 1.576 1.603 1.631 1.657 1.79 1.816 1.894 1.972 2.039 2.116 2.16 2.2 2.233 2.256 2.296 2.35 2.385 2.381 2.369 2.394 2.449 2.52 2.561 2.592 2.608 2.589 2.564 2.512 2.479 2.541 2.594 2.671 2.763 2.851 2.914 3.024 3.104 3.091 3.062 3.053 3.053 3.079 3.115 3.159 3.208 3.195 3.211 3.198 3.174 3.158 3.144 3.133 3.13 3.132 3.14 3.152 3.167 3.186 3.204 3.222 3.239 3.26 3.279 3.294 3.306 3.317 3.331 3.345 3.355 3.364 3.374 3.379 3.374 3.368 3.364 3.358 3.353 3.341 3.331 3.318 3.304 3.292 3.286 3.276 3.268 3.256 3.249 3.245 3.239 3.235 3.231 3.223 3.217 3.214 3.206 3.202 3.194 3.184 3.172 3.164 3.156 3.15 3.135 3.124 3.108 3.092 3.074 3.059 3.043 3.026 3.014 2.998 2.979 2.965 2.945 2.926 2.911 2.895 2.879 2.861
0.856 0.891 0.929 0.97 1.017 1.071 1.166 1.24 1.265 1.297 1.329 1.364 1.399 1.432 1.466 1.504 1.542 1.585 1.638 1.692 1.736 1.765 1.781 1.797 1.859 1.857 1.805 1.725 1.628 1.549 1.525 1.517 1.523 1.545 1.571 1.599 1.636 1.782 1.809 1.885 1.963 2.03 2.096 2.137 2.177 2.21 2.234 2.272 2.325 2.36 2.356 2.347 2.386 2.444 2.514 2.554 2.584 2.591 2.573 2.547 2.495 2.456 2.493 2.542 2.618 2.71 2.802 2.878 2.989 3.069 3.057 3.058 3.035 3.047 3.073 3.104 3.148 3.199 3.186 3.202 3.189 3.165 3.15 3.135 3.124 3.121 3.124 3.132 3.144 3.159 3.178 3.196 3.214 3.231 3.253 3.272 3.287 3.299 3.31 3.325 3.338 3.349 3.356 3.368 3.372 3.367 3.361 3.357 3.351 3.347 3.334 3.325 3.31 3.297 3.285 3.279 3.27 3.262 3.25 3.242 3.238 3.232 3.228 3.223 3.216 3.21 3.208 3.2 3.195 3.188 3.178 3.165 3.158 3.151 3.144 3.129 3.117 3.103 3.087 3.069 3.054 3.038 3.022 3.009 2.992 2.974 2.959 2.94 2.921 2.906 2.89 2.874
0.823 0.852 0.887 0.925 0.967 1.013 1.067 1.162 1.235 1.26 1.292 1.324 1.359 1.394 1.427 1.461 1.499 1.53 1.576 1.633 1.696 1.728 1.75 1.761 1.778 1.828 1.816 1.756 1.665 1.567 1.529 1.499 1.489 1.495 1.515 1.542 1.579 1.632 1.778 1.803 1.88 1.957 2.012 2.077 2.119 2.158 2.193 2.215 2.252 2.306 2.34 2.339 2.334 2.377 2.434 2.502 2.539 2.568 2.575 2.556 2.531 2.471 2.404 2.438 2.485 2.561 2.658 2.772 2.848 2.959 3.041 3.054 3.042 3.03 3.043 3.066 3.097 3.141 3.191 3.179 3.194 3.182 3.158 3.142 3.127 3.117 3.114 3.117 3.125 3.136 3.152 3.17 3.189 3.208 3.225 3.246 3.265 3.281 3.293 3.304 3.319 3.332 3.342 3.351 3.361 3.366 3.361 3.356 3.352 3.345 3.341 3.329 3.318 3.304 3.291 3.279 3.273 3.263 3.255 3.243 3.236 3.233 3.227 3.222 3.217 3.209 3.205 3.202 3.193 3.189 3.182 3.173 3.16 3.152 3.146 3.14 3.125 3.112 3.098 3.083 3.064 3.05 3.034 3.017 3.004 2.988 2.969 2.954 2.935 2.917 2.901 2.885
0.794 0.82 0.849 0.884 0.922 0.963 1.01 1.063 1.158 1.231 1.256 1.287 1.32 1.355 1.39 1.422 1.457 1.481 1.52 1.571 1.642 1.701 1.72 1.735 1.742 1.76 1.798 1.777 1.707 1.609 1.556 1.506 1.475 1.464 1.469 1.487 1.525 1.576 1.628 1.773 1.799 1.874 1.943 1.997 2.062 2.101 2.141 2.177 2.199 2.236 2.29 2.325 2.324 2.322 2.365 2.419 2.484 2.522 2.55 2.558 2.539 2.507 2.418 2.345 2.379 2.426 2.507 2.636 2.749 2.825 2.938 3.039 3.043 3.038 3.026 3.035 3.057 3.089 3.134 3.184 3.172 3.187 3.175 3.15 3.135 3.119 3.11 3.107 3.111 3.119 3.13 3.145 3.163 3.183 3.201 3.219 3.24 3.26 3.275 3.288 3.299 3.313 3.326 3.337 3.344 3.355 3.36 3.356 3.351 3.347 3.34 3.335 3.322 3.312 3.297 3.285 3.274 3.268 3.258 3.25 3.238 3.23 3.226 3.22 3.216 3.212 3.204 3.2 3.196 3.188 3.184 3.177 3.167 3.155 3.149 3.141 3.135 3.12 3.109 3.095 3.079 3.061 3.046 3.03 3.013 2.999 2.983 2.965 2.95 2.931 2.912 2.897
0.769 0.792 0.817 0.847 0.88 0.918 0.959 1.007 1.06 1.154 1.227 1.252 1.283 1.316 1.351 1.387 1.42 1.433 1.464 1.509 1.573 1.652 1.707 1.712 1.72 1.723 1.742 1.769 1.737 1.66 1.603 1.537 1.486 1.455 1.443 1.447 1.472 1.52 1.572 1.623 1.769 1.794 1.862 1.928 1.982 2.047 2.088 2.129 2.165 2.186 2.223 2.278 2.309 2.312 2.31 2.35 2.402 2.469 2.506 2.534 2.542 2.516 2.454 2.36 2.287 2.32 2.373 2.491 2.62 2.734 2.811 2.935 3.03 3.039 3.033 3.018 3.027 3.051 3.082 3.127 3.177 3.165 3.181 3.168 3.143 3.127 3.113 3.103 3.101 3.104 3.112 3.123 3.139 3.158 3.178 3.196 3.214 3.235 3.255 3.27 3.283 3.294 3.308 3.321 3.331 3.339 3.35 3.355 3.351 3.346 3.342 3.335 3.33 3.317 3.307 3.292 3.28 3.269 3.263 3.253 3.245 3.232 3.225 3.221 3.215 3.211 3.207 3.199 3.195 3.191 3.183 3.18 3.172 3.164 3.151 3.144 3.137 3.13 3.117 3.104 3.091 3.075 3.058 3.042 3.026 3.01 2.996 2.98 2.96 2.946 2.927 2.908
0.746 0.767 0.789 0.814 0.843 0.878 0.915 0.957 1.003 1.057 1.15 1.223 1.248 1.281 1.312 1.348 1.383 1.388 1.411 1.445 1.491 1.575 1.661 1.713 1.704 1.694 1.702 1.726 1.74 1.699 1.654 1.589 1.521 1.469 1.438 1.426 1.436 1.466 1.514 1.566 1.617 1.761 1.783 1.85 1.915 1.969 2.035 2.078 2.119 2.154 2.175 2.214 2.267 2.301 2.301 2.299 2.337 2.389 2.455 2.493 2.521 2.521 2.467 2.402 2.307 2.233 2.271 2.36 2.478 2.607 2.722 2.809 2.928 3.025 3.034 3.027 3.011 3.022 3.044 3.076 3.121 3.17 3.159 3.174 3.162 3.136 3.122 3.107 3.098 3.095 3.098 3.106 3.117 3.133 3.153 3.173 3.191 3.209 3.23 3.25 3.266 3.278 3.288 3.303 3.316 3.326 3.334 3.346 3.351 3.346 3.341 3.337 3.329 3.324 3.312 3.302 3.288 3.275 3.264 3.258 3.248 3.24 3.227 3.22 3.216 3.21 3.206 3.202 3.194 3.19 3.187 3.179 3.175 3.169 3.159 3.147 3.14 3.133 3.127 3.112 3.101 3.088 3.072 3.053 3.038 3.022 3.005 2.992 2.976 2.957 2.942 2.923
0.728 0.744 0.764 0.785 0.812 0.841 0.875 0.912 0.953 1 1.054 1.146 1.219 1.245 1.277 1.308 1.344 1.345 1.356 1.385 1.411 1.473 1.578 1.671 1.715 1.664 1.666 1.681 1.71 1.711 1.689 1.642 1.575 1.508 1.457 1.425 1.418 1.429 1.458 1.505 1.556 1.606 1.75 1.77 1.837 1.902 1.956 2.027 2.07 2.111 2.145 2.167 2.208 2.263 2.296 2.296 2.294 2.33 2.382 2.448 2.486 2.51 2.48 2.423 2.357 2.261 2.192 2.255 2.345 2.462 2.593 2.72 2.8 2.924 3.021 3.028 3.02 3.005 3.016 3.039 3.07 3.114 3.165 3.152 3.168 3.155 3.131 3.116 3.102 3.092 3.089 3.093 3.1 3.112 3.128 3.148 3.167 3.187 3.203 3.225 3.245 3.261 3.273 3.284 3.297 3.311 3.321 3.33 3.341 3.347 3.343 3.336 3.332 3.324 3.32 3.307 3.297 3.283 3.272 3.26 3.252 3.243 3.235 3.222 3.215 3.211 3.206 3.202 3.197 3.19 3.186 3.182 3.174 3.171 3.165 3.155 3.143 3.136 3.129 3.123 3.109 3.097 3.084 3.069 3.05 3.035 3.019 3.001 2.988 2.972 2.953 2.939
0.714 0.725 0.741 0.76 0.783 0.808 0.838 0.872 0.909 0.95 0.996 1.05 1.143 1.215 1.241 1.273 1.305 1.299 1.308 1.324 1.345 1.377 1.455 1.581 1.677 1.655 1.624 1.638 1.662 1.692 1.695 1.679 1.632 1.566 1.499 1.447 1.417 1.408 1.419 1.448 1.494 1.543 1.594 1.735 1.755 1.823 1.888 1.948 2.019 2.062 2.102 2.138 2.169 2.209 2.264 2.297 2.297 2.295 2.331 2.382 2.449 2.488 2.478 2.447 2.389 2.322 2.229 2.173 2.237 2.327 2.444 2.591 2.709 2.795 2.917 3.015 3.021 3.014 3 3.009 3.032 3.064 3.109 3.159 3.147 3.162 3.149 3.125 3.111 3.096 3.087 3.084 3.088 3.096 3.107 3.124 3.143 3.162 3.182 3.2 3.221 3.241 3.256 3.268 3.279 3.293 3.306 3.317 3.326 3.336 3.342 3.338 3.332 3.327 3.32 3.315 3.303 3.292 3.279 3.267 3.255 3.249 3.239 3.23 3.217 3.211 3.207 3.201 3.197 3.193 3.186 3.181 3.178 3.171 3.167 3.161 3.152 3.14 3.132 3.126 3.12 3.106 3.094 3.081 3.065 3.046 3.032 3.014 2.998 2.984 2.968 2.95
0.702 0.711 0.723 0.737 0.758 0.78 0.805 0.834 0.869 0.905 0.946 0.993 1.046 1.139 1.211 1.237 1.269 1.256 1.255 1.27 1.291 1.307 1.342 1.436 1.579 1.608 1.596 1.585 1.611 1.641 1.669 1.685 1.669 1.621 1.555 1.486 1.438 1.408 1.397 1.408 1.438 1.48 1.529 1.579 1.72 1.739 1.807 1.879 1.94 2.011 2.052 2.094 2.144 2.173 2.212 2.27 2.304 2.306 2.303 2.34 2.391 2.464 2.468 2.456 2.425 2.366 2.302 2.21 2.154 2.218 2.307 2.442 2.58 2.702 2.789 2.912 3.009 3.015 3.008 2.993 3.004 3.026 3.059 3.103 3.152 3.14 3.156 3.144 3.12 3.105 3.091 3.08 3.078 3.082 3.091 3.103 3.119 3.139 3.157 3.177 3.195 3.217 3.236 3.251 3.263 3.274 3.288 3.302 3.313 3.321 3.332 3.338 3.333 3.327 3.322 3.315 3.31 3.298 3.289 3.275 3.262 3.25 3.244 3.234 3.226 3.214 3.206 3.202 3.197 3.193 3.188 3.182 3.178 3.175 3.167 3.163 3.157 3.149 3.136 3.129 3.122 3.117 3.102 3.091 3.077 3.062 3.043 3.028 3.011 2.995 2.981 2.965
0.694 0.699 0.708 0.719 0.735 0.755 0.776 0.803 0.831 0.865 0.902 0.943 0.989 1.042 1.135 1.207 1.233 1.213 1.206 1.212 1.248 1.256 1.267 1.309 1.415 1.512 1.539 1.537 1.545 1.583 1.61 1.655 1.67 1.654 1.606 1.54 1.477 1.431 1.4 1.39 1.399 1.427 1.464 1.511 1.56 1.702 1.721 1.797 1.869 1.929 1.999 2.043 2.103 2.149 2.178 2.22 2.279 2.317 2.319 2.315 2.352 2.412 2.449 2.454 2.442 2.41 2.353 2.287 2.195 2.139 2.203 2.304 2.433 2.572 2.693 2.782 2.905 3.002 3.01 3.001 2.987 2.997 3.021 3.052 3.096 3.145 3.134 3.15 3.137 3.113 3.099 3.084 3.075 3.073 3.077 3.086 3.098 3.114 3.133 3.154 3.172 3.19 3.211 3.231 3.246 3.258 3.269 3.284 3.297 3.308 3.317 3.327 3.332 3.327 3.322 3.318 3.311 3.305 3.293 3.284 3.27 3.257 3.245 3.239 3.229 3.221 3.209 3.201 3.197 3.193 3.189 3.185 3.177 3.173 3.17 3.163 3.16 3.153 3.144 3.132 3.125 3.119 3.113 3.099 3.087 3.073 3.057 3.039 3.024 3.008 2.991 2.977
0.688 0.691 0.696 0.705 0.716 0.731 0.751 0.774 0.799 0.828 0.861 0.898 0.939 0.985 1.038 1.131 1.203 1.171 1.157 1.157 1.192 1.225 1.221 1.227 1.274 1.364 1.445 1.47 1.476 1.505 1.55 1.592 1.636 1.651 1.633 1.585 1.526 1.47 1.425 1.395 1.386 1.394 1.41 1.445 1.491 1.541 1.681 1.708 1.785 1.857 1.916 1.988 2.05 2.107 2.153 2.184 2.228 2.292 2.329 2.331 2.327 2.375 2.403 2.44 2.444 2.432 2.402 2.342 2.276 2.185 2.129 2.2 2.297 2.424 2.562 2.686 2.774 2.897 2.994 3.001 2.994 2.98 2.99 3.013 3.045 3.089 3.138 3.127 3.142 3.13 3.106 3.092 3.077 3.068 3.066 3.071 3.079 3.091 3.107 3.127 3.147 3.167 3.184 3.205 3.224 3.24 3.252 3.263 3.277 3.291 3.302 3.31 3.321 3.326 3.321 3.315 3.311 3.304 3.3 3.288 3.277 3.263 3.251 3.239 3.232 3.223 3.215 3.203 3.196 3.192 3.187 3.183 3.178 3.172 3.168 3.165 3.158 3.155 3.149 3.139 3.127 3.121 3.114 3.108 3.094 3.082 3.068 3.052 3.034 3.02 3.003 2.986
0.684 0.684 0.687 0.693 0.701 0.713 0.728 0.747 0.77 0.795 0.823 0.858 0.894 0.935 0.981 1.035 1.127 1.134 1.109 1.103 1.135 1.172 1.202 1.187 1.187 1.235 1.313 1.377 1.401 1.417 1.473 1.526 1.568 1.611 1.625 1.606 1.569 1.522 1.467 1.423 1.393 1.382 1.374 1.389 1.422 1.47 1.521 1.666 1.693 1.768 1.84 1.902 1.991 2.051 2.109 2.155 2.186 2.241 2.303 2.341 2.342 2.347 2.368 2.395 2.432 2.436 2.424 2.393 2.333 2.268 2.178 2.127 2.195 2.286 2.409 2.551 2.676 2.765 2.888 2.984 2.992 2.984 2.97 2.98 3.003 3.034 3.079 3.129 3.117 3.133 3.121 3.097 3.082 3.069 3.06 3.058 3.062 3.07 3.083 3.1 3.119 3.139 3.157 3.176 3.196 3.216 3.232 3.244 3.256 3.27 3.282 3.294 3.302 3.312 3.318 3.312 3.307 3.303 3.297 3.291 3.278 3.268 3.255 3.241 3.23 3.224 3.215 3.206 3.194 3.187 3.184 3.179 3.175 3.171 3.165 3.161 3.158 3.151 3.148 3.142 3.132 3.121 3.114 3.107 3.101 3.087 3.075 3.061 3.045 3.027 3.012 2.996
0.679 0.68 0.681 0.684 0.689 0.698 0.709 0.724 0.744 0.765 0.791 0.819 0.854 0.89 0.931 0.977 1.029 1.067 1.064 1.05 1.086 1.113 1.152 1.18 1.151 1.155 1.196 1.262 1.309 1.334 1.388 1.448 1.499 1.539 1.582 1.595 1.586 1.566 1.52 1.465 1.42 1.39 1.363 1.353 1.366 1.4 1.449 1.502 1.648 1.673 1.749 1.823 1.9 1.988 2.048 2.105 2.152 2.19 2.244 2.307 2.345 2.35 2.339 2.361 2.389 2.426 2.429 2.419 2.388 2.328 2.262 2.174 2.123 2.182 2.269 2.397 2.539 2.664 2.752 2.874 2.971 2.978 2.971 2.957 2.966 2.989 3.021 3.066 3.116 3.105 3.121 3.108 3.084 3.071 3.058 3.049 3.046 3.05 3.058 3.072 3.089 3.108 3.126 3.146 3.162 3.184 3.204 3.22 3.232 3.244 3.258 3.27 3.28 3.288 3.3 3.306 3.301 3.295 3.291 3.285 3.279 3.266 3.256 3.242 3.229 3.219 3.213 3.203 3.194 3.183 3.176 3.173 3.168 3.164 3.16 3.155 3.15 3.147 3.14 3.137 3.131 3.122 3.111 3.104 3.097 3.091 3.077 3.065 3.051 3.035 3.017 3.003
0.671 0.675 0.676 0.677 0.681 0.685 0.694 0.705 0.72 0.74 0.761 0.787 0.815 0.85 0.886 0.927 0.973 0.986 1.005 0.997 1.036 1.069 1.091 1.132 1.154 1.117 1.122 1.157 1.211 1.243 1.309 1.362 1.419 1.47 1.51 1.55 1.575 1.582 1.563 1.517 1.461 1.418 1.37 1.34 1.331 1.343 1.379 1.43 1.483 1.627 1.652 1.73 1.815 1.893 1.982 2.041 2.097 2.148 2.185 2.238 2.302 2.339 2.339 2.328 2.35 2.378 2.414 2.427 2.416 2.384 2.325 2.259 2.171 2.107 2.163 2.253 2.381 2.523 2.648 2.736 2.858 2.955 2.962 2.955 2.94 2.95 2.973 3.006 3.05 3.1 3.089 3.104 3.092 3.069 3.056 3.042 3.033 3.032 3.036 3.046 3.058 3.075 3.093 3.112 3.13 3.148 3.17 3.19 3.206 3.218 3.23 3.243 3.255 3.265 3.274 3.285 3.29 3.285 3.281 3.276 3.268 3.264 3.251 3.241 3.227 3.215 3.204 3.197 3.187 3.18 3.168 3.162 3.158 3.154 3.15 3.147 3.141 3.137 3.134 3.127 3.124 3.118 3.11 3.098 3.091 3.084 3.077 3.063 3.051 3.037 3.022 3.005
0.662 0.667 0.671 0.672 0.673 0.676 0.681 0.69 0.701 0.716 0.736 0.757 0.782 0.811 0.844 0.882 0.922 0.934 0.942 0.948 0.985 1.022 1.05 1.069 1.111 1.112 1.082 1.089 1.118 1.162 1.227 1.285 1.337 1.392 1.442 1.481 1.532 1.567 1.574 1.555 1.509 1.453 1.397 1.348 1.318 1.307 1.322 1.359 1.411 1.463 1.606 1.634 1.721 1.807 1.884 1.972 2.031 2.085 2.136 2.174 2.227 2.284 2.325 2.324 2.314 2.335 2.363 2.414 2.426 2.415 2.383 2.321 2.256 2.152 2.087 2.144 2.235 2.363 2.505 2.63 2.717 2.84 2.937 2.944 2.936 2.92 2.931 2.955 2.987 3.031 3.082 3.07 3.086 3.075 3.052 3.038 3.025 3.017 3.014 3.02 3.029 3.041 3.057 3.076 3.094 3.113 3.131 3.153 3.173 3.189 3.201 3.211 3.225 3.237 3.247 3.256 3.267 3.273 3.269 3.263 3.258 3.25 3.245 3.233 3.222 3.208 3.198 3.186 3.179 3.17 3.163 3.151 3.144 3.142 3.138 3.134 3.13 3.124 3.121 3.119 3.111 3.109 3.104 3.094 3.082 3.076 3.068 3.062 3.047 3.036 3.023 3.007
0.65 0.658 0.663 0.667 0.668 0.669 0.671 0.677 0.686 0.697 0.711 0.732 0.753 0.778 0.807 0.84 0.877 0.885 0.893 0.9 0.94 0.972 1.006 1.033 1.045 1.074 1.071 1.047 1.055 1.081 1.152 1.206 1.264 1.316 1.369 1.418 1.465 1.522 1.556 1.564 1.543 1.496 1.433 1.374 1.325 1.294 1.286 1.304 1.342 1.392 1.444 1.589 1.624 1.712 1.797 1.875 1.961 2.011 2.066 2.116 2.154 2.199 2.27 2.309 2.309 2.299 2.321 2.364 2.414 2.425 2.415 2.378 2.318 2.236 2.129 2.066 2.124 2.216 2.344 2.485 2.61 2.697 2.82 2.916 2.923 2.914 2.901 2.912 2.936 2.967 3.012 3.061 3.05 3.067 3.057 3.034 3.021 3.008 2.998 2.997 3.003 3.011 3.022 3.038 3.056 3.076 3.094 3.114 3.135 3.155 3.172 3.182 3.192 3.204 3.218 3.228 3.238 3.248 3.254 3.25 3.243 3.238 3.231 3.225 3.213 3.203 3.191 3.179 3.166 3.161 3.151 3.144 3.133 3.127 3.125 3.121 3.117 3.113 3.108 3.104 3.102 3.096 3.093 3.087 3.078 3.066 3.058 3.051 3.044 3.03 3.02 3.006
0.637 0.646 0.654 0.659 0.663 0.664 0.665 0.667 0.672 0.682 0.692 0.707 0.727 0.749 0.774 0.803 0.836 0.842 0.849 0.855 0.888 0.932 0.96 0.992 1.015 1.018 1.037 1.03 1.011 1.023 1.075 1.134 1.188 1.245 1.296 1.349 1.405 1.452 1.509 1.542 1.548 1.525 1.475 1.411 1.35 1.301 1.272 1.269 1.287 1.326 1.376 1.428 1.58 1.616 1.704 1.789 1.865 1.942 1.991 2.046 2.096 2.125 2.175 2.245 2.285 2.284 2.276 2.32 2.362 2.412 2.423 2.41 2.375 2.297 2.213 2.108 2.046 2.104 2.196 2.323 2.465 2.589 2.677 2.799 2.895 2.9 2.893 2.88 2.891 2.915 2.947 2.99 3.04 3.03 3.048 3.038 3.015 3.002 2.988 2.981 2.98 2.984 2.992 3.003 3.018 3.037 3.057 3.077 3.095 3.117 3.137 3.151 3.163 3.171 3.185 3.198 3.209 3.217 3.229 3.235 3.229 3.222 3.218 3.21 3.205 3.193 3.184 3.17 3.158 3.147 3.142 3.132 3.126 3.114 3.11 3.108 3.103 3.1 3.097 3.091 3.087 3.086 3.08 3.077 3.07 3.061 3.049 3.041 3.033 3.027 3.014 3.003
0.62 0.633 0.641 0.648 0.653 0.657 0.659 0.66 0.663 0.668 0.677 0.688 0.703 0.722 0.744 0.77 0.798 0.805 0.808 0.814 0.837 0.875 0.924 0.948 0.977 0.987 0.991 0.999 0.989 0.977 1.02 1.061 1.12 1.174 1.229 1.279 1.337 1.39 1.436 1.491 1.525 1.528 1.503 1.451 1.387 1.327 1.279 1.259 1.256 1.273 1.311 1.365 1.421 1.574 1.611 1.697 1.781 1.852 1.928 1.978 2.032 2.078 2.095 2.144 2.213 2.252 2.255 2.268 2.313 2.355 2.406 2.418 2.404 2.355 2.273 2.192 2.087 2.026 2.085 2.175 2.302 2.444 2.569 2.656 2.777 2.872 2.879 2.872 2.86 2.871 2.894 2.925 2.97 3.021 3.012 3.029 3.019 2.997 2.983 2.971 2.964 2.962 2.965 2.973 2.983 3 3.018 3.04 3.059 3.077 3.099 3.117 3.132 3.142 3.152 3.166 3.18 3.19 3.2 3.21 3.214 3.209 3.203 3.197 3.19 3.186 3.174 3.165 3.151 3.139 3.129 3.123 3.115 3.108 3.098 3.093 3.09 3.086 3.084 3.08 3.074 3.072 3.071 3.065 3.06 3.054 3.044 3.032 3.024 3.017 3.011 2.999
0.602 0.616 0.628 0.636 0.644 0.649 0.653 0.655 0.655 0.658 0.664 0.672 0.683 0.699 0.718 0.74 0.765 0.769 0.772 0.774 0.793 0.819 0.863 0.915 0.935 0.949 0.959 0.964 0.962 0.95 0.974 1.008 1.049 1.107 1.161 1.214 1.269 1.324 1.376 1.42 1.475 1.504 1.507 1.478 1.427 1.363 1.304 1.268 1.248 1.245 1.263 1.301 1.36 1.417 1.57 1.606 1.691 1.775 1.845 1.922 1.971 2.024 2.051 2.066 2.114 2.183 2.224 2.241 2.254 2.3 2.34 2.4 2.409 2.383 2.33 2.25 2.17 2.066 2.006 2.064 2.155 2.282 2.424 2.547 2.634 2.754 2.85 2.859 2.852 2.839 2.85 2.872 2.904 2.95 3.003 2.993 3.01 3.001 2.978 2.967 2.956 2.946 2.943 2.947 2.954 2.965 2.981 3.002 3.022 3.042 3.06 3.08 3.098 3.111 3.123 3.133 3.148 3.161 3.173 3.181 3.19 3.195 3.19 3.182 3.178 3.172 3.168 3.157 3.145 3.132 3.122 3.112 3.106 3.098 3.092 3.082 3.077 3.075 3.071 3.069 3.065 3.061 3.058 3.057 3.049 3.045 3.039 3.029 3.016 3.009 3.002 2.997
0.581 0.598 0.611 0.623 0.632 0.64 0.645 0.649 0.65 0.651 0.654 0.659 0.668 0.679 0.695 0.714 0.735 0.738 0.739 0.741 0.754 0.772 0.801 0.851 0.905 0.905 0.921 0.931 0.936 0.927 0.945 0.964 0.998 1.039 1.097 1.149 1.206 1.257 1.311 1.362 1.406 1.458 1.483 1.483 1.455 1.403 1.34 1.294 1.258 1.238 1.236 1.253 1.299 1.358 1.414 1.566 1.603 1.687 1.77 1.841 1.917 1.965 2.001 2.026 2.041 2.088 2.159 2.208 2.224 2.238 2.283 2.336 2.39 2.388 2.357 2.308 2.23 2.149 2.047 1.986 2.044 2.135 2.262 2.404 2.525 2.612 2.734 2.83 2.839 2.832 2.819 2.828 2.853 2.886 2.933 2.985 2.975 2.994 2.983 2.963 2.951 2.938 2.927 2.926 2.928 2.937 2.949 2.966 2.986 3.006 3.026 3.043 3.062 3.079 3.094 3.106 3.117 3.13 3.144 3.156 3.162 3.172 3.176 3.171 3.165 3.161 3.155 3.151 3.138 3.128 3.116 3.105 3.095 3.091 3.084 3.078 3.068 3.062 3.061 3.057 3.055 3.053 3.049 3.045 3.042 3.036 3.031 3.023 3.015 3.002 2.995 2.989
0.557 0.577 0.593 0.606 0.619 0.627 0.635 0.639 0.643 0.645 0.647 0.649 0.654 0.664 0.675 0.689 0.71 0.711 0.711 0.711 0.725 0.734 0.751 0.783 0.838 0.872 0.875 0.892 0.902 0.91 0.919 0.938 0.957 0.989 1.03 1.086 1.143 1.198 1.247 1.302 1.352 1.395 1.438 1.461 1.462 1.433 1.382 1.329 1.286 1.247 1.229 1.227 1.252 1.297 1.355 1.413 1.564 1.6 1.684 1.768 1.838 1.914 1.946 1.98 2.005 2.021 2.068 2.138 2.187 2.203 2.218 2.277 2.323 2.369 2.364 2.337 2.286 2.21 2.13 2.028 1.966 2.026 2.117 2.243 2.382 2.504 2.592 2.714 2.812 2.819 2.813 2.799 2.81 2.835 2.87 2.917 2.968 2.96 2.976 2.968 2.948 2.936 2.921 2.912 2.908 2.912 2.921 2.934 2.951 2.971 2.992 3.009 3.025 3.044 3.063 3.078 3.09 3.1 3.115 3.128 3.137 3.145 3.155 3.159 3.153 3.148 3.145 3.138 3.132 3.122 3.113 3.101 3.091 3.081 3.077 3.07 3.064 3.054 3.05 3.048 3.044 3.044 3.042 3.037 3.033 3.03 3.022 3.018 3.011 3.001 2.989 2.983
0.534 0.553 0.573 0.589 0.602 0.614 0.623 0.63 0.635 0.639 0.641 0.641 0.645 0.65 0.659 0.671 0.685 0.689 0.687 0.686 0.705 0.71 0.714 0.73 0.766 0.809 0.838 0.845 0.863 0.875 0.901 0.911 0.93 0.948 0.98 1.02 1.08 1.137 1.193 1.243 1.296 1.346 1.377 1.417 1.442 1.443 1.414 1.37 1.318 1.274 1.237 1.218 1.225 1.249 1.294 1.354 1.41 1.563 1.598 1.682 1.766 1.837 1.901 1.932 1.966 1.991 2.008 2.045 2.115 2.163 2.181 2.212 2.264 2.302 2.347 2.343 2.316 2.267 2.191 2.111 2.009 1.949 2.008 2.098 2.223 2.362 2.485 2.574 2.696 2.794 2.801 2.793 2.781 2.794 2.821 2.854 2.901 2.954 2.944 2.963 2.956 2.934 2.918 2.907 2.895 2.893 2.897 2.907 2.92 2.938 2.958 2.976 2.992 3.008 3.029 3.048 3.063 3.075 3.086 3.1 3.111 3.121 3.129 3.138 3.143 3.139 3.134 3.13 3.122 3.118 3.108 3.099 3.087 3.077 3.069 3.065 3.057 3.051 3.043 3.038 3.036 3.034 3.034 3.03 3.025 3.021 3.018 3.01 3.006 2.999 2.99 2.979
0.513 0.53 0.549 0.568 0.584 0.597 0.61 0.618 0.626 0.631 0.635 0.636 0.637 0.641 0.646 0.655 0.667 0.669 0.668 0.666 0.689 0.698 0.694 0.695 0.71 0.745 0.781 0.805 0.815 0.835 0.866 0.893 0.902 0.921 0.939 0.971 1.013 1.078 1.136 1.192 1.241 1.296 1.332 1.361 1.401 1.426 1.427 1.402 1.358 1.307 1.261 1.226 1.217 1.222 1.247 1.291 1.35 1.405 1.557 1.593 1.676 1.758 1.824 1.888 1.918 1.953 1.977 1.988 2.026 2.096 2.146 2.177 2.201 2.245 2.28 2.326 2.324 2.298 2.25 2.173 2.094 1.993 1.932 1.991 2.08 2.205 2.345 2.469 2.557 2.679 2.776 2.783 2.777 2.765 2.78 2.805 2.84 2.887 2.938 2.931 2.95 2.942 2.918 2.906 2.89 2.882 2.879 2.885 2.894 2.907 2.924 2.942 2.96 2.977 2.994 3.014 3.034 3.049 3.061 3.072 3.084 3.097 3.107 3.113 3.123 3.129 3.125 3.12 3.114 3.108 3.105 3.095 3.087 3.075 3.066 3.057 3.053 3.046 3.041 3.032 3.027 3.027 3.026 3.023 3.02 3.014 3.009 3.006 2.998 2.994 2.989 2.98
0.495 0.509 0.526 0.545 0.563 0.58 0.593 0.605 0.613 0.621 0.626 0.631 0.632 0.633 0.636 0.642 0.651 0.654 0.652 0.649 0.671 0.692 0.691 0.679 0.676 0.697 0.725 0.752 0.771 0.787 0.829 0.858 0.884 0.893 0.912 0.93 0.964 1.013 1.079 1.137 1.194 1.245 1.283 1.319 1.347 1.387 1.413 1.414 1.389 1.346 1.294 1.25 1.223 1.212 1.218 1.242 1.286 1.343 1.397 1.548 1.584 1.664 1.74 1.806 1.869 1.899 1.934 1.96 1.971 2.009 2.079 2.142 2.165 2.182 2.224 2.261 2.308 2.307 2.281 2.232 2.156 2.077 1.977 1.916 1.973 2.063 2.188 2.33 2.454 2.541 2.663 2.759 2.767 2.762 2.752 2.765 2.791 2.826 2.873 2.926 2.919 2.938 2.926 2.904 2.89 2.877 2.868 2.867 2.873 2.882 2.895 2.91 2.928 2.945 2.964 2.98 3.002 3.02 3.036 3.048 3.057 3.07 3.083 3.091 3.099 3.11 3.116 3.112 3.104 3.102 3.096 3.093 3.083 3.075 3.064 3.055 3.046 3.043 3.037 3.031 3.022 3.018 3.018 3.016 3.013 3.01 3.003 2.999 2.996 2.988 2.985 2.979
0.481 0.491 0.505 0.522 0.54 0.559 0.575 0.588 0.6 0.609 0.616 0.621 0.625 0.627 0.629 0.632 0.638 0.64 0.641 0.637 0.654 0.676 0.695 0.684 0.664 0.668 0.683 0.704 0.723 0.738 0.785 0.821 0.849 0.874 0.883 0.902 0.924 0.965 1.015 1.08 1.138 1.196 1.234 1.272 1.308 1.336 1.376 1.4 1.401 1.375 1.333 1.282 1.244 1.218 1.208 1.213 1.238 1.279 1.334 1.388 1.539 1.572 1.647 1.722 1.788 1.85 1.881 1.916 1.942 1.953 1.99 2.074 2.13 2.149 2.161 2.206 2.244 2.292 2.291 2.264 2.217 2.141 2.062 1.961 1.9 1.958 2.048 2.174 2.315 2.439 2.526 2.647 2.743 2.754 2.75 2.738 2.752 2.778 2.813 2.861 2.915 2.907 2.924 2.914 2.89 2.878 2.865 2.857 2.856 2.861 2.871 2.882 2.896 2.914 2.932 2.951 2.968 2.988 3.008 3.024 3.034 3.044 3.057 3.069 3.079 3.087 3.098 3.103 3.098 3.093 3.09 3.084 3.082 3.071 3.065 3.054 3.045 3.036 3.033 3.027 3.021 3.014 3.01 3.01 3.006 3.004 3 2.993 2.989 2.986 2.979 2.976
0.47 0.477 0.487 0.501 0.518 0.535 0.555 0.571 0.583 0.596 0.604 0.612 0.617 0.621 0.623 0.625 0.628 0.629 0.628 0.628 0.639 0.657 0.681 0.701 0.679 0.66 0.661 0.67 0.684 0.695 0.741 0.778 0.813 0.841 0.866 0.875 0.895 0.923 0.964 1.014 1.08 1.139 1.186 1.224 1.261 1.296 1.326 1.363 1.387 1.388 1.362 1.321 1.277 1.24 1.214 1.202 1.207 1.23 1.271 1.326 1.382 1.529 1.558 1.632 1.707 1.773 1.835 1.864 1.898 1.925 1.935 1.985 2.063 2.113 2.13 2.145 2.191 2.229 2.277 2.275 2.25 2.202 2.127 2.048 1.946 1.885 1.943 2.035 2.161 2.301 2.424 2.511 2.633 2.73 2.741 2.737 2.726 2.741 2.766 2.803 2.85 2.903 2.893 2.912 2.9 2.879 2.866 2.854 2.845 2.844 2.85 2.858 2.869 2.884 2.902 2.92 2.94 2.956 2.978 2.996 3.011 3.021 3.032 3.044 3.057 3.067 3.075 3.086 3.091 3.087 3.082 3.08 3.074 3.071 3.062 3.055 3.045 3.035 3.027 3.025 3.018 3.014 3.006 3.002 3 2.997 2.995 2.991 2.985 2.98 2.978 2.971
0.461 0.466 0.473 0.483 0.497 0.513 0.531 0.55 0.566 0.579 0.591 0.599 0.607 0.612 0.617 0.619 0.62 0.619 0.62 0.618 0.625 0.641 0.66 0.687 0.703 0.671 0.658 0.654 0.657 0.664 0.699 0.737 0.773 0.809 0.835 0.86 0.87 0.892 0.92 0.961 1.01 1.077 1.128 1.175 1.212 1.249 1.285 1.313 1.35 1.374 1.375 1.351 1.314 1.271 1.235 1.208 1.196 1.205 1.229 1.269 1.324 1.378 1.514 1.542 1.616 1.69 1.755 1.817 1.845 1.882 1.908 1.931 1.974 2.048 2.094 2.114 2.129 2.176 2.215 2.262 2.261 2.236 2.189 2.112 2.034 1.932 1.872 1.931 2.022 2.148 2.288 2.41 2.498 2.621 2.719 2.729 2.725 2.715 2.728 2.755 2.792 2.839 2.891 2.882 2.898 2.889 2.867 2.855 2.843 2.835 2.834 2.838 2.846 2.857 2.872 2.891 2.91 2.928 2.946 2.966 2.984 2.999 3.01 3.019 3.033 3.045 3.055 3.064 3.074 3.079 3.077 3.072 3.069 3.064 3.062 3.053 3.046 3.035 3.027 3.019 3.016 3.01 3.006 2.998 2.993 2.993 2.989 2.985 2.982 2.976 2.972 2.97
0.452 0.457 0.462 0.469 0.479 0.492 0.509 0.526 0.546 0.561 0.575 0.586 0.595 0.602 0.607 0.613 0.615 0.612 0.61 0.611 0.614 0.623 0.645 0.663 0.692 0.688 0.663 0.654 0.646 0.644 0.668 0.697 0.734 0.771 0.806 0.832 0.857 0.864 0.887 0.914 0.954 1.003 1.065 1.115 1.162 1.199 1.236 1.274 1.302 1.338 1.362 1.364 1.344 1.309 1.264 1.229 1.201 1.199 1.209 1.232 1.272 1.33 1.363 1.498 1.526 1.599 1.674 1.737 1.799 1.828 1.864 1.903 1.919 1.959 2.031 2.079 2.099 2.116 2.162 2.201 2.248 2.248 2.223 2.175 2.099 2.02 1.919 1.86 1.919 2.009 2.135 2.275 2.398 2.486 2.61 2.707 2.717 2.714 2.703 2.718 2.746 2.78 2.827 2.879 2.87 2.887 2.877 2.857 2.845 2.832 2.825 2.823 2.826 2.834 2.845 2.861 2.88 2.899 2.918 2.935 2.955 2.973 2.988 2.998 3.008 3.021 3.035 3.045 3.052 3.063 3.07 3.067 3.062 3.06 3.055 3.054 3.044 3.038 3.027 3.019 3.01 3.008 3.004 2.999 2.989 2.985 2.984 2.98 2.978 2.974 2.968 2.965
0.444 0.448 0.453 0.458 0.465 0.474 0.488 0.504 0.522 0.54 0.557 0.569 0.582 0.589 0.597 0.603 0.607 0.605 0.604 0.601 0.603 0.611 0.62 0.647 0.666 0.674 0.673 0.656 0.65 0.638 0.644 0.667 0.697 0.733 0.77 0.805 0.83 0.849 0.855 0.878 0.904 0.943 0.99 1.05 1.1 1.147 1.184 1.225 1.263 1.29 1.326 1.352 1.357 1.338 1.302 1.258 1.221 1.206 1.204 1.213 1.236 1.28 1.321 1.353 1.488 1.516 1.59 1.66 1.723 1.783 1.812 1.86 1.894 1.905 1.943 2.017 2.066 2.086 2.103 2.149 2.188 2.236 2.235 2.21 2.162 2.086 2.007 1.908 1.848 1.908 1.998 2.123 2.262 2.386 2.476 2.599 2.696 2.707 2.703 2.694 2.709 2.735 2.769 2.816 2.867 2.858 2.877 2.868 2.847 2.835 2.823 2.814 2.811 2.815 2.824 2.835 2.851 2.869 2.889 2.907 2.923 2.943 2.963 2.976 2.988 2.998 3.012 3.024 3.034 3.042 3.054 3.06 3.057 3.053 3.051 3.047 3.045 3.036 3.03 3.02 3.01 3.004 3.002 2.995 2.991 2.982 2.978 2.976 2.972 2.97 2.966 2.961
0.435 0.44 0.444 0.449 0.454 0.461 0.47 0.484 0.499 0.518 0.536 0.551 0.565 0.577 0.585 0.593 0.599 0.596 0.596 0.596 0.59 0.595 0.607 0.617 0.647 0.644 0.656 0.658 0.648 0.646 0.633 0.642 0.665 0.695 0.733 0.769 0.803 0.82 0.839 0.847 0.867 0.89 0.93 0.973 1.033 1.083 1.13 1.173 1.214 1.252 1.279 1.315 1.345 1.35 1.331 1.295 1.25 1.221 1.208 1.205 1.214 1.24 1.275 1.316 1.347 1.481 1.51 1.58 1.65 1.712 1.774 1.808 1.852 1.88 1.889 1.929 2.004 2.053 2.074 2.091 2.136 2.175 2.223 2.222 2.196 2.149 2.073 1.996 1.897 1.838 1.897 1.986 2.112 2.253 2.376 2.465 2.588 2.685 2.695 2.693 2.683 2.698 2.723 2.759 2.804 2.856 2.848 2.866 2.858 2.838 2.826 2.813 2.803 2.8 2.805 2.813 2.826 2.841 2.86 2.879 2.897 2.913 2.933 2.951 2.966 2.977 2.988 3.002 3.014 3.024 3.034 3.044 3.051 3.048 3.044 3.043 3.039 3.037 3.029 3.021 3.011 3.004 2.997 2.995 2.988 2.983 2.974 2.97 2.968 2.965 2.963 2.959
0.427 0.431 0.436 0.44 0.445 0.449 0.456 0.466 0.479 0.495 0.513 0.532 0.547 0.56 0.572 0.581 0.589 0.585 0.585 0.587 0.586 0.579 0.588 0.604 0.613 0.619 0.621 0.637 0.643 0.641 0.633 0.63 0.64 0.663 0.692 0.73 0.765 0.794 0.809 0.828 0.836 0.853 0.874 0.912 0.955 1.014 1.065 1.119 1.162 1.203 1.239 1.267 1.305 1.337 1.343 1.322 1.286 1.247 1.219 1.205 1.202 1.213 1.234 1.268 1.308 1.339 1.473 1.501 1.57 1.639 1.703 1.768 1.799 1.838 1.865 1.877 1.916 1.992 2.041 2.062 2.078 2.125 2.164 2.211 2.209 2.184 2.137 2.062 1.985 1.886 1.828 1.886 1.976 2.102 2.242 2.366 2.455 2.577 2.674 2.686 2.683 2.674 2.687 2.713 2.747 2.794 2.846 2.838 2.857 2.848 2.828 2.815 2.801 2.792 2.79 2.794 2.803 2.815 2.832 2.85 2.868 2.886 2.903 2.922 2.941 2.957 2.968 2.979 2.991 3.004 3.015 3.024 3.036 3.042 3.04 3.036 3.034 3.03 3.029 3.02 3.014 3.005 2.997 2.989 2.986 2.98 2.976 2.966 2.962 2.961 2.957 2.955
0.419 0.423 0.427 0.432 0.436 0.44 0.445 0.452 0.462 0.474 0.491 0.508 0.527 0.542 0.555 0.567 0.576 0.572 0.572 0.574 0.58 0.576 0.567 0.58 0.598 0.584 0.591 0.599 0.618 0.628 0.624 0.628 0.624 0.634 0.656 0.686 0.726 0.755 0.784 0.798 0.816 0.822 0.837 0.856 0.893 0.936 0.995 1.052 1.106 1.148 1.189 1.227 1.258 1.298 1.328 1.333 1.313 1.283 1.244 1.216 1.202 1.199 1.203 1.224 1.258 1.297 1.329 1.461 1.488 1.557 1.627 1.697 1.758 1.785 1.824 1.853 1.866 1.905 1.981 2.029 2.05 2.067 2.113 2.152 2.199 2.197 2.172 2.126 2.052 1.975 1.876 1.817 1.876 1.967 2.093 2.233 2.356 2.445 2.566 2.665 2.677 2.673 2.662 2.677 2.702 2.738 2.783 2.837 2.828 2.847 2.839 2.817 2.804 2.79 2.783 2.78 2.785 2.793 2.806 2.822 2.84 2.858 2.876 2.892 2.912 2.932 2.947 2.959 2.969 2.982 2.995 3.006 3.015 3.027 3.034 3.031 3.028 3.026 3.022 3.021 3.012 3.007 2.998 2.99 2.982 2.98 2.973 2.968 2.959 2.955 2.954 2.95
0.41 0.415 0.419 0.423 0.427 0.431 0.436 0.441 0.448 0.456 0.47 0.486 0.503 0.522 0.538 0.55 0.563 0.557 0.556 0.559 0.572 0.573 0.567 0.555 0.57 0.569 0.556 0.563 0.576 0.599 0.611 0.615 0.619 0.616 0.625 0.646 0.679 0.715 0.745 0.773 0.787 0.803 0.805 0.818 0.837 0.874 0.918 0.982 1.039 1.093 1.135 1.177 1.216 1.249 1.289 1.319 1.321 1.307 1.277 1.238 1.21 1.195 1.188 1.19 1.211 1.245 1.284 1.319 1.45 1.477 1.547 1.622 1.689 1.747 1.771 1.812 1.841 1.854 1.895 1.97 2.018 2.039 2.056 2.102 2.139 2.186 2.186 2.162 2.115 2.042 1.965 1.866 1.807 1.866 1.958 2.083 2.223 2.346 2.435 2.557 2.655 2.666 2.662 2.653 2.666 2.692 2.727 2.774 2.826 2.818 2.837 2.828 2.807 2.793 2.781 2.772 2.771 2.775 2.784 2.796 2.811 2.83 2.848 2.866 2.883 2.903 2.922 2.937 2.948 2.959 2.973 2.986 2.997 3.007 3.019 3.026 3.023 3.019 3.019 3.015 3.013 3.005 3 2.99 2.982 2.974 2.971 2.965 2.961 2.952 2.948 2.946
0.4 0.406 0.411 0.415 0.418 0.422 0.426 0.431 0.436 0.442 0.452 0.465 0.482 0.499 0.517 0.533 0.546 0.541 0.538 0.54 0.558 0.57 0.566 0.557 0.544 0.544 0.54 0.528 0.535 0.554 0.583 0.6 0.604 0.608 0.604 0.613 0.637 0.67 0.705 0.735 0.763 0.774 0.786 0.786 0.799 0.818 0.855 0.905 0.969 1.026 1.079 1.122 1.165 1.207 1.24 1.277 1.306 1.311 1.297 1.267 1.228 1.196 1.18 1.171 1.174 1.195 1.229 1.274 1.309 1.439 1.466 1.542 1.612 1.677 1.733 1.76 1.801 1.831 1.843 1.883 1.958 2.007 2.028 2.044 2.089 2.128 2.175 2.175 2.151 2.105 2.031 1.954 1.856 1.798 1.858 1.948 2.074 2.213 2.336 2.426 2.548 2.644 2.655 2.652 2.642 2.656 2.683 2.717 2.764 2.816 2.809 2.827 2.817 2.796 2.783 2.771 2.762 2.761 2.766 2.774 2.786 2.801 2.819 2.838 2.856 2.873 2.894 2.912 2.928 2.939 2.95 2.964 2.977 2.988 2.998 3.01 3.018 3.015 3.012 3.011 3.007 3.007 2.999 2.993 2.983 2.975 2.967 2.964 2.958 2.953 2.944 2.941
0.391 0.396 0.402 0.406 0.409 0.413 0.418 0.422 0.426 0.431 0.438 0.447 0.461 0.477 0.494 0.512 0.529 0.524 0.52 0.52 0.539 0.556 0.567 0.559 0.545 0.525 0.519 0.511 0.499 0.51 0.544 0.571 0.587 0.592 0.595 0.589 0.604 0.629 0.661 0.695 0.726 0.751 0.757 0.768 0.767 0.78 0.801 0.842 0.892 0.956 1.012 1.067 1.11 1.156 1.197 1.227 1.264 1.293 1.297 1.283 1.252 1.21 1.18 1.164 1.155 1.158 1.178 1.214 1.261 1.294 1.425 1.461 1.531 1.601 1.664 1.721 1.75 1.791 1.82 1.832 1.872 1.947 1.996 2.017 2.033 2.078 2.117 2.164 2.164 2.14 2.094 2.02 1.944 1.847 1.79 1.849 1.939 2.065 2.204 2.327 2.415 2.538 2.633 2.645 2.641 2.632 2.645 2.673 2.707 2.754 2.806 2.799 2.816 2.806 2.786 2.774 2.761 2.752 2.751 2.755 2.764 2.776 2.792 2.809 2.829 2.847 2.863 2.885 2.903 2.918 2.93 2.94 2.954 2.968 2.98 2.99 3.002 3.008 3.007 3.004 3.003 3 2.999 2.991 2.985 2.975 2.967 2.959 2.956 2.95 2.946 2.937
0.38 0.387 0.392 0.397 0.401 0.405 0.409 0.413 0.417 0.422 0.427 0.433 0.443 0.456 0.472 0.49 0.508 0.506 0.502 0.5 0.519 0.537 0.555 0.565 0.551 0.531 0.506 0.493 0.483 0.471 0.507 0.532 0.558 0.574 0.578 0.581 0.58 0.596 0.62 0.653 0.686 0.716 0.734 0.741 0.751 0.75 0.763 0.789 0.831 0.88 0.944 1 1.054 1.1 1.146 1.186 1.215 1.249 1.277 1.282 1.268 1.232 1.197 1.167 1.151 1.141 1.144 1.164 1.201 1.246 1.282 1.419 1.449 1.519 1.588 1.653 1.711 1.739 1.78 1.809 1.822 1.861 1.936 1.985 2.005 2.022 2.067 2.106 2.153 2.153 2.129 2.083 2.01 1.934 1.838 1.781 1.84 1.931 2.055 2.195 2.317 2.406 2.527 2.623 2.634 2.63 2.621 2.635 2.662 2.697 2.744 2.796 2.787 2.804 2.796 2.776 2.763 2.751 2.743 2.742 2.745 2.754 2.766 2.781 2.799 2.819 2.837 2.854 2.874 2.893 2.908 2.92 2.932 2.946 2.96 2.972 2.981 2.994 3.001 2.998 2.996 2.995 2.992 2.991 2.982 2.977 2.967 2.958 2.952 2.948 2.943 2.939
0.37 0.376 0.382 0.387 0.392 0.397 0.4 0.404 0.409 0.413 0.418 0.422 0.429 0.439 0.452 0.467 0.485 0.488 0.485 0.482 0.498 0.518 0.536 0.554 0.561 0.539 0.517 0.486 0.467 0.455 0.473 0.496 0.522 0.546 0.562 0.566 0.572 0.573 0.588 0.612 0.645 0.677 0.702 0.718 0.725 0.734 0.734 0.754 0.78 0.82 0.867 0.934 0.988 1.045 1.091 1.134 1.172 1.2 1.234 1.263 1.268 1.248 1.218 1.183 1.154 1.134 1.128 1.13 1.15 1.185 1.233 1.276 1.408 1.438 1.507 1.578 1.642 1.7 1.728 1.769 1.799 1.811 1.851 1.925 1.973 1.994 2.011 2.056 2.095 2.142 2.142 2.117 2.072 1.999 1.925 1.829 1.772 1.831 1.921 2.046 2.186 2.308 2.395 2.516 2.612 2.622 2.62 2.611 2.625 2.652 2.686 2.733 2.784 2.775 2.794 2.786 2.764 2.752 2.741 2.733 2.731 2.735 2.743 2.756 2.771 2.789 2.809 2.827 2.843 2.864 2.883 2.899 2.911 2.922 2.936 2.95 2.962 2.972 2.984 2.992 2.99 2.988 2.987 2.984 2.982 2.974 2.968 2.958 2.95 2.943 2.941 2.935
0.362 0.366 0.371 0.378 0.382 0.387 0.392 0.396 0.4 0.405 0.408 0.413 0.418 0.424 0.434 0.447 0.463 0.47 0.469 0.465 0.482 0.497 0.516 0.535 0.551 0.548 0.527 0.504 0.467 0.443 0.458 0.465 0.488 0.513 0.537 0.554 0.558 0.567 0.567 0.583 0.607 0.636 0.664 0.686 0.703 0.71 0.719 0.724 0.743 0.77 0.81 0.858 0.924 0.979 1.035 1.079 1.121 1.161 1.188 1.223 1.251 1.254 1.229 1.199 1.165 1.135 1.117 1.109 1.111 1.131 1.169 1.227 1.263 1.397 1.426 1.496 1.567 1.632 1.689 1.718 1.759 1.788 1.8 1.84 1.914 1.962 1.983 2 2.045 2.084 2.131 2.13 2.106 2.062 1.99 1.915 1.82 1.763 1.822 1.912 2.037 2.175 2.297 2.385 2.504 2.6 2.611 2.608 2.599 2.614 2.641 2.676 2.721 2.772 2.765 2.782 2.774 2.754 2.742 2.73 2.722 2.72 2.725 2.733 2.744 2.761 2.779 2.798 2.816 2.833 2.854 2.873 2.889 2.901 2.913 2.928 2.941 2.953 2.963 2.976 2.983 2.982 2.979 2.978 2.975 2.974 2.966 2.96 2.95 2.942 2.935 2.933
0.354 0.358 0.361 0.367 0.373 0.377 0.383 0.388 0.391 0.395 0.4 0.404 0.408 0.413 0.42 0.429 0.443 0.45 0.454 0.451 0.468 0.483 0.496 0.515 0.533 0.539 0.534 0.515 0.49 0.448 0.445 0.453 0.459 0.482 0.507 0.531 0.549 0.554 0.562 0.563 0.578 0.602 0.623 0.65 0.672 0.689 0.697 0.711 0.716 0.735 0.761 0.802 0.849 0.916 0.97 1.024 1.069 1.114 1.154 1.182 1.216 1.243 1.236 1.209 1.18 1.145 1.116 1.099 1.091 1.094 1.114 1.163 1.215 1.253 1.386 1.416 1.487 1.558 1.621 1.679 1.707 1.748 1.777 1.789 1.829 1.902 1.951 1.972 1.989 2.034 2.072 2.118 2.119 2.095 2.051 1.98 1.905 1.81 1.754 1.813 1.903 2.027 2.165 2.286 2.373 2.493 2.589 2.6 2.598 2.589 2.603 2.63 2.664 2.709 2.76 2.753 2.771 2.762 2.742 2.73 2.719 2.71 2.709 2.713 2.722 2.734 2.75 2.769 2.787 2.805 2.823 2.843 2.863 2.879 2.891 2.903 2.918 2.932 2.944 2.954 2.966 2.974 2.973 2.97 2.969 2.966 2.965 2.957 2.951 2.942 2.934 2.927
0.347 0.35 0.353 0.357 0.361 0.368 0.373 0.378 0.383 0.387 0.39 0.395 0.399 0.404 0.409 0.415 0.425 0.433 0.438 0.44 0.452 0.47 0.483 0.494 0.511 0.519 0.526 0.521 0.503 0.475 0.446 0.441 0.449 0.456 0.478 0.503 0.528 0.546 0.551 0.559 0.559 0.575 0.591 0.611 0.637 0.659 0.676 0.689 0.704 0.708 0.727 0.754 0.792 0.842 0.908 0.961 1.015 1.063 1.109 1.148 1.176 1.209 1.229 1.222 1.195 1.164 1.131 1.101 1.083 1.075 1.079 1.108 1.152 1.205 1.243 1.375 1.405 1.476 1.547 1.61 1.668 1.696 1.736 1.765 1.778 1.817 1.891 1.938 1.96 1.976 2.022 2.06 2.106 2.107 2.084 2.04 1.969 1.896 1.801 1.744 1.804 1.893 2.016 2.154 2.274 2.362 2.481 2.577 2.588 2.586 2.577 2.591 2.618 2.651 2.698 2.748 2.741 2.759 2.751 2.731 2.718 2.707 2.698 2.697 2.701 2.71 2.723 2.739 2.757 2.776 2.795 2.811 2.833 2.852 2.868 2.88 2.892 2.907 2.922 2.934 2.944 2.956 2.964 2.963 2.96 2.96 2.956 2.955 2.947 2.942 2.932 2.925
0.343 0.343 0.345 0.349 0.352 0.357 0.364 0.368 0.374 0.378 0.381 0.385 0.39 0.395 0.399 0.404 0.411 0.418 0.424 0.426 0.437 0.453 0.471 0.484 0.492 0.497 0.504 0.512 0.507 0.489 0.468 0.444 0.439 0.446 0.453 0.475 0.501 0.526 0.544 0.551 0.558 0.559 0.565 0.578 0.599 0.624 0.647 0.671 0.683 0.698 0.702 0.721 0.745 0.786 0.835 0.899 0.951 1.011 1.059 1.105 1.144 1.172 1.199 1.218 1.211 1.185 1.154 1.115 1.085 1.068 1.06 1.074 1.095 1.141 1.194 1.234 1.365 1.395 1.466 1.536 1.599 1.657 1.684 1.724 1.753 1.766 1.805 1.879 1.927 1.948 1.964 2.009 2.048 2.095 2.095 2.072 2.028 1.957 1.884 1.79 1.735 1.794 1.882 2.005 2.142 2.262 2.349 2.469 2.564 2.575 2.574 2.565 2.578 2.604 2.638 2.684 2.735 2.728 2.746 2.738 2.717 2.705 2.694 2.686 2.685 2.69 2.698 2.711 2.727 2.745 2.764 2.783 2.8 2.822 2.841 2.857 2.87 2.881 2.896 2.911 2.923 2.933 2.946 2.954 2.952 2.95 2.95 2.946 2.945 2.938 2.932 2.922
0.338 0.338 0.338 0.341 0.344 0.347 0.352 0.359 0.364 0.368 0.373 0.377 0.381 0.385 0.39 0.395 0.4 0.406 0.412 0.416 0.424 0.435 0.453 0.472 0.484 0.475 0.482 0.489 0.498 0.493 0.476 0.464 0.44 0.435 0.442 0.449 0.471 0.5 0.527 0.545 0.551 0.562 0.55 0.556 0.569 0.588 0.614 0.639 0.662 0.675 0.69 0.695 0.713 0.739 0.778 0.826 0.89 0.949 1.008 1.057 1.103 1.144 1.163 1.189 1.209 1.201 1.175 1.134 1.095 1.065 1.049 1.054 1.059 1.086 1.131 1.185 1.224 1.354 1.385 1.455 1.525 1.588 1.645 1.672 1.713 1.741 1.754 1.793 1.866 1.914 1.935 1.951 1.996 2.035 2.082 2.082 2.06 2.016 1.947 1.874 1.78 1.725 1.783 1.872 1.993 2.13 2.25 2.337 2.456 2.551 2.562 2.56 2.551 2.565 2.591 2.625 2.671 2.722 2.715 2.732 2.724 2.704 2.692 2.681 2.673 2.672 2.677 2.685 2.698 2.714 2.733 2.752 2.771 2.788 2.81 2.829 2.845 2.858 2.87 2.885 2.899 2.911 2.922 2.935 2.943 2.941 2.939 2.938 2.935 2.934 2.926 2.922
0.332 0.333 0.334 0.333 0.336 0.339 0.342 0.348 0.354 0.358 0.364 0.368 0.372 0.376 0.381 0.384 0.39 0.397 0.402 0.406 0.414 0.42 0.432 0.453 0.472 0.464 0.458 0.468 0.474 0.484 0.477 0.469 0.458 0.434 0.428 0.436 0.444 0.471 0.5 0.527 0.545 0.554 0.553 0.539 0.545 0.559 0.578 0.607 0.633 0.656 0.669 0.684 0.689 0.707 0.731 0.772 0.82 0.887 0.945 1.004 1.052 1.1 1.136 1.154 1.18 1.199 1.192 1.153 1.113 1.074 1.045 1.041 1.038 1.05 1.075 1.12 1.174 1.213 1.344 1.374 1.444 1.513 1.577 1.633 1.66 1.7 1.729 1.741 1.781 1.853 1.901 1.922 1.938 1.984 2.022 2.069 2.07 2.047 2.004 1.935 1.862 1.768 1.713 1.772 1.86 1.982 2.117 2.237 2.323 2.442 2.536 2.548 2.545 2.536 2.55 2.576 2.61 2.656 2.707 2.7 2.718 2.709 2.69 2.679 2.667 2.66 2.659 2.663 2.672 2.685 2.701 2.72 2.739 2.758 2.775 2.797 2.817 2.832 2.846 2.858 2.872 2.888 2.9 2.91 2.923 2.931 2.929 2.927 2.927 2.923 2.923 2.915
0.325 0.327 0.329 0.328 0.328 0.33 0.334 0.337 0.343 0.349 0.353 0.359 0.364 0.367 0.371 0.376 0.38 0.386 0.394 0.398 0.406 0.412 0.416 0.43 0.452 0.448 0.443 0.442 0.452 0.46 0.467 0.468 0.46 0.449 0.425 0.419 0.428 0.443 0.471 0.5 0.528 0.547 0.544 0.542 0.529 0.535 0.549 0.571 0.601 0.626 0.649 0.662 0.676 0.682 0.699 0.725 0.764 0.81 0.877 0.935 0.993 1.038 1.09 1.125 1.142 1.168 1.188 1.174 1.135 1.095 1.056 1.038 1.028 1.03 1.038 1.066 1.111 1.164 1.204 1.332 1.363 1.432 1.501 1.564 1.62 1.647 1.687 1.716 1.728 1.767 1.84 1.887 1.908 1.924 1.97 2.009 2.055 2.056 2.033 1.99 1.921 1.85 1.756 1.703 1.76 1.847 1.969 2.105 2.224 2.31 2.428 2.522 2.533 2.53 2.521 2.535 2.562 2.595 2.641 2.692 2.685 2.703 2.695 2.674 2.664 2.652 2.645 2.644 2.649 2.659 2.671 2.688 2.706 2.725 2.744 2.762 2.784 2.803 2.819 2.833 2.845 2.859 2.875 2.887 2.897 2.911 2.918 2.917 2.914 2.914 2.912 2.911
0.318 0.32 0.321 0.323 0.323 0.323 0.325 0.329 0.332 0.337 0.344 0.348 0.353 0.358 0.362 0.365 0.371 0.377 0.384 0.391 0.397 0.405 0.41 0.412 0.426 0.429 0.425 0.422 0.425 0.437 0.441 0.456 0.456 0.448 0.438 0.414 0.41 0.426 0.441 0.469 0.498 0.525 0.536 0.533 0.53 0.517 0.524 0.541 0.564 0.593 0.618 0.641 0.654 0.668 0.674 0.692 0.718 0.745 0.79 0.857 0.915 0.966 1.026 1.077 1.113 1.13 1.156 1.172 1.158 1.119 1.079 1.048 1.025 1.018 1.019 1.028 1.055 1.1 1.154 1.193 1.321 1.35 1.42 1.488 1.551 1.606 1.633 1.673 1.702 1.715 1.754 1.826 1.873 1.894 1.911 1.955 1.993 2.04 2.04 2.019 1.977 1.908 1.836 1.744 1.69 1.747 1.835 1.956 2.091 2.209 2.295 2.412 2.505 2.516 2.513 2.506 2.52 2.546 2.58 2.625 2.675 2.668 2.686 2.678 2.659 2.648 2.636 2.63 2.629 2.634 2.643 2.655 2.672 2.692 2.711 2.73 2.748 2.769 2.789 2.806 2.818 2.831 2.846 2.861 2.873 2.884 2.896 2.904 2.903 2.901 2.901 2.899
0.298 0.313 0.314 0.316 0.318 0.318 0.318 0.319 0.323 0.327 0.332 0.338 0.343 0.348 0.353 0.357 0.361 0.366 0.374 0.381 0.385 0.394 0.404 0.408 0.406 0.404 0.405 0.401 0.4 0.407 0.421 0.428 0.441 0.442 0.434 0.423 0.403 0.405 0.421 0.437 0.462 0.491 0.512 0.522 0.521 0.517 0.504 0.517 0.534 0.556 0.585 0.61 0.632 0.647 0.661 0.666 0.682 0.693 0.72 0.766 0.832 0.88 0.952 1.011 1.062 1.096 1.114 1.137 1.153 1.139 1.102 1.071 1.033 1.015 1.008 1.009 1.018 1.045 1.09 1.142 1.182 1.309 1.339 1.407 1.475 1.537 1.592 1.62 1.659 1.687 1.701 1.739 1.81 1.857 1.879 1.896 1.941 1.979 2.025 2.025 2.003 1.962 1.894 1.822 1.731 1.677 1.735 1.822 1.942 2.076 2.194 2.278 2.395 2.488 2.499 2.496 2.489 2.503 2.529 2.562 2.608 2.657 2.651 2.668 2.661 2.642 2.631 2.62 2.613 2.613 2.618 2.628 2.64 2.657 2.676 2.695 2.715 2.733 2.754 2.774 2.79 2.804 2.816 2.832 2.846 2.858 2.869 2.882 2.89 2.889 2.887 2.887
0.269 0.293 0.307 0.309 0.31 0.312 0.312 0.312 0.314 0.318 0.321 0.326 0.333 0.337 0.342 0.347 0.351 0.353 0.362 0.369 0.369 0.379 0.392 0.402 0.405 0.386 0.383 0.382 0.376 0.38 0.394 0.407 0.413 0.425 0.426 0.418 0.412 0.396 0.396 0.411 0.428 0.452 0.477 0.498 0.507 0.505 0.504 0.496 0.507 0.523 0.545 0.575 0.6 0.625 0.638 0.652 0.656 0.661 0.671 0.698 0.743 0.801 0.861 0.932 0.99 1.041 1.075 1.091 1.114 1.129 1.117 1.091 1.052 1.022 1.004 0.997 0.998 1.007 1.034 1.078 1.131 1.169 1.296 1.325 1.393 1.461 1.522 1.577 1.604 1.644 1.672 1.685 1.724 1.795 1.842 1.863 1.88 1.924 1.961 2.008 2.009 1.988 1.946 1.878 1.807 1.717 1.664 1.721 1.808 1.927 2.06 2.177 2.261 2.376 2.469 2.48 2.478 2.47 2.485 2.511 2.544 2.589 2.639 2.632 2.65 2.643 2.624 2.613 2.602 2.596 2.595 2.601 2.61 2.623 2.641 2.659 2.679 2.698 2.717 2.738 2.757 2.774 2.788 2.8 2.816 2.83 2.842 2.853 2.866 2.875 2.873 2.872
0.254 0.264 0.287 0.301 0.303 0.305 0.305 0.306 0.306 0.308 0.312 0.316 0.32 0.327 0.332 0.336 0.341 0.341 0.346 0.356 0.355 0.358 0.372 0.389 0.4 0.383 0.365 0.362 0.359 0.354 0.37 0.381 0.392 0.398 0.41 0.41 0.406 0.402 0.385 0.386 0.399 0.414 0.438 0.461 0.48 0.489 0.489 0.493 0.484 0.496 0.512 0.535 0.565 0.59 0.615 0.628 0.64 0.642 0.647 0.657 0.683 0.723 0.778 0.836 0.906 0.963 1.016 1.049 1.065 1.087 1.103 1.105 1.071 1.04 1.011 0.993 0.986 0.987 0.996 1.023 1.067 1.119 1.157 1.283 1.312 1.379 1.446 1.508 1.563 1.589 1.628 1.656 1.669 1.708 1.778 1.825 1.846 1.863 1.907 1.945 1.99 1.992 1.97 1.929 1.861 1.792 1.702 1.65 1.706 1.792 1.911 2.043 2.159 2.242 2.358 2.449 2.46 2.459 2.451 2.465 2.491 2.524 2.569 2.619 2.613 2.631 2.623 2.604 2.594 2.584 2.577 2.577 2.582 2.592 2.605 2.623 2.642 2.662 2.68 2.699 2.72 2.74 2.757 2.771 2.783 2.798 2.813 2.826 2.836 2.85 2.858 2.857
0.244 0.249 0.258 0.281 0.296 0.297 0.299 0.3 0.301 0.3 0.303 0.306 0.31 0.315 0.321 0.326 0.331 0.33 0.33 0.338 0.343 0.341 0.346 0.366 0.385 0.377 0.361 0.345 0.34 0.335 0.347 0.357 0.366 0.378 0.382 0.396 0.4 0.394 0.39 0.373 0.373 0.385 0.398 0.42 0.442 0.462 0.473 0.476 0.48 0.472 0.484 0.501 0.524 0.555 0.58 0.604 0.615 0.632 0.633 0.638 0.648 0.674 0.701 0.754 0.81 0.879 0.938 0.99 1.022 1.038 1.061 1.092 1.083 1.058 1.027 0.998 0.981 0.975 0.975 0.985 1.011 1.055 1.106 1.144 1.269 1.297 1.364 1.431 1.492 1.546 1.573 1.611 1.64 1.652 1.691 1.761 1.807 1.828 1.845 1.889 1.926 1.971 1.973 1.952 1.91 1.843 1.775 1.686 1.635 1.691 1.776 1.893 2.024 2.139 2.223 2.337 2.429 2.44 2.438 2.431 2.445 2.47 2.503 2.548 2.597 2.591 2.61 2.603 2.584 2.574 2.563 2.558 2.558 2.563 2.573 2.586 2.604 2.623 2.643 2.662 2.68 2.702 2.722 2.739 2.752 2.765 2.78 2.795 2.807 2.818 2.832 2.84
0.237 0.239 0.243 0.253 0.276 0.289 0.29 0.292 0.294 0.294 0.294 0.297 0.3 0.303 0.309 0.315 0.319 0.317 0.318 0.32 0.33 0.331 0.326 0.335 0.359 0.364 0.354 0.338 0.324 0.319 0.332 0.335 0.346 0.355 0.365 0.37 0.385 0.389 0.383 0.377 0.361 0.359 0.37 0.381 0.403 0.425 0.445 0.46 0.465 0.466 0.458 0.472 0.488 0.513 0.543 0.569 0.591 0.606 0.623 0.624 0.628 0.638 0.653 0.678 0.731 0.787 0.856 0.915 0.967 0.999 1.015 1.048 1.07 1.07 1.045 1.014 0.986 0.968 0.962 0.964 0.972 0.998 1.042 1.093 1.13 1.253 1.282 1.348 1.414 1.475 1.529 1.555 1.593 1.622 1.635 1.673 1.743 1.788 1.809 1.826 1.87 1.907 1.951 1.952 1.931 1.891 1.825 1.757 1.67 1.618 1.674 1.759 1.876 2.005 2.12 2.203 2.315 2.406 2.417 2.416 2.408 2.422 2.448 2.481 2.525 2.574 2.569 2.587 2.579 2.562 2.552 2.542 2.537 2.537 2.542 2.553 2.565 2.583 2.602 2.622 2.642 2.66 2.682 2.702 2.719 2.732 2.745 2.76 2.775 2.788 2.799 2.812
0.237 0.232 0.233 0.238 0.247 0.269 0.283 0.284 0.286 0.287 0.288 0.288 0.291 0.294 0.297 0.303 0.309 0.304 0.302 0.306 0.316 0.321 0.318 0.312 0.323 0.342 0.343 0.33 0.315 0.304 0.317 0.322 0.326 0.337 0.345 0.356 0.362 0.376 0.379 0.373 0.368 0.35 0.344 0.354 0.364 0.386 0.41 0.432 0.448 0.451 0.453 0.446 0.461 0.478 0.502 0.531 0.555 0.579 0.594 0.61 0.611 0.613 0.619 0.633 0.658 0.71 0.767 0.835 0.893 0.943 0.977 1.002 1.026 1.055 1.055 1.03 1.001 0.972 0.955 0.949 0.951 0.959 0.985 1.028 1.079 1.115 1.238 1.266 1.332 1.398 1.457 1.511 1.536 1.575 1.603 1.615 1.654 1.723 1.768 1.789 1.806 1.849 1.885 1.93 1.931 1.911 1.871 1.806 1.738 1.652 1.601 1.656 1.74 1.855 1.985 2.098 2.179 2.292 2.382 2.393 2.391 2.383 2.398 2.424 2.457 2.501 2.55 2.544 2.562 2.555 2.538 2.528 2.519 2.513 2.514 2.52 2.53 2.544 2.561 2.581 2.6 2.62 2.639 2.66 2.68 2.697 2.71 2.724 2.739 2.754 2.767 2.778
0.236 0.231 0.226 0.228 0.232 0.242 0.263 0.276 0.277 0.279 0.281 0.282 0.281 0.284 0.288 0.291 0.297 0.294 0.289 0.289 0.305 0.311 0.312 0.305 0.297 0.313 0.326 0.321 0.306 0.292 0.302 0.308 0.314 0.318 0.328 0.336 0.348 0.356 0.368 0.372 0.366 0.361 0.339 0.332 0.341 0.351 0.374 0.398 0.421 0.435 0.439 0.441 0.435 0.451 0.468 0.49 0.518 0.54 0.564 0.579 0.596 0.593 0.596 0.601 0.615 0.638 0.691 0.744 0.812 0.87 0.92 0.962 0.98 1.011 1.04 1.04 1.015 0.986 0.959 0.942 0.936 0.937 0.945 0.972 1.014 1.063 1.1 1.221 1.249 1.314 1.379 1.438 1.491 1.517 1.555 1.583 1.596 1.633 1.701 1.746 1.767 1.784 1.826 1.863 1.906 1.908 1.888 1.849 1.785 1.717 1.632 1.582 1.637 1.72 1.835 1.962 2.074 2.156 2.267 2.356 2.367 2.365 2.358 2.373 2.398 2.431 2.475 2.523 2.518 2.536 2.53 2.513 2.504 2.494 2.489 2.49 2.496 2.507 2.521 2.537 2.557 2.577 2.596 2.615 2.637 2.657 2.674 2.687 2.7 2.716 2.731 2.744
0.235 0.23 0.226 0.221 0.222 0.227 0.236 0.257 0.27 0.271 0.273 0.274 0.275 0.275 0.278 0.282 0.284 0.282 0.278 0.275 0.289 0.302 0.305 0.302 0.293 0.291 0.304 0.31 0.299 0.283 0.29 0.295 0.302 0.307 0.31 0.319 0.329 0.343 0.351 0.364 0.367 0.363 0.352 0.328 0.322 0.33 0.34 0.362 0.386 0.408 0.423 0.428 0.429 0.424 0.44 0.457 0.477 0.501 0.523 0.547 0.561 0.571 0.575 0.577 0.582 0.596 0.62 0.672 0.724 0.79 0.848 0.904 0.94 0.964 0.995 1.023 1.024 1 0.971 0.944 0.927 0.922 0.922 0.932 0.957 0.999 1.047 1.084 1.203 1.231 1.295 1.359 1.417 1.47 1.497 1.533 1.562 1.574 1.612 1.679 1.724 1.745 1.761 1.802 1.838 1.882 1.883 1.864 1.826 1.762 1.696 1.612 1.561 1.616 1.698 1.812 1.939 2.049 2.13 2.24 2.328 2.339 2.338 2.331 2.345 2.37 2.403 2.447 2.495 2.49 2.508 2.502 2.486 2.477 2.468 2.463 2.464 2.471 2.481 2.495 2.512 2.532 2.552 2.571 2.59 2.612 2.631 2.649 2.663 2.675 2.691 2.707
0.232 0.229 0.223 0.219 0.215 0.216 0.221 0.23 0.25 0.262 0.264 0.266 0.268 0.268 0.268 0.271 0.275 0.27 0.268 0.263 0.271 0.287 0.3 0.3 0.293 0.285 0.283 0.294 0.292 0.277 0.278 0.283 0.288 0.296 0.301 0.304 0.312 0.327 0.342 0.349 0.362 0.366 0.355 0.343 0.32 0.314 0.323 0.331 0.352 0.376 0.398 0.412 0.417 0.418 0.414 0.429 0.444 0.459 0.481 0.503 0.527 0.534 0.553 0.556 0.558 0.563 0.578 0.607 0.657 0.709 0.774 0.834 0.885 0.925 0.947 0.978 1.006 1.006 0.984 0.955 0.928 0.912 0.907 0.907 0.916 0.942 0.983 1.031 1.067 1.185 1.212 1.275 1.339 1.396 1.449 1.474 1.512 1.539 1.551 1.589 1.655 1.699 1.719 1.735 1.777 1.813 1.856 1.857 1.838 1.8 1.738 1.673 1.589 1.54 1.594 1.676 1.788 1.912 2.023 2.103 2.211 2.298 2.309 2.308 2.301 2.316 2.341 2.373 2.416 2.465 2.46 2.478 2.472 2.457 2.448 2.44 2.435 2.436 2.443 2.454 2.467 2.485 2.505 2.525 2.544 2.563 2.585 2.605 2.622 2.636 2.649 2.665
0.231 0.225 0.222 0.217 0.213 0.208 0.21 0.215 0.223 0.242 0.255 0.257 0.258 0.26 0.261 0.262 0.265 0.261 0.255 0.253 0.254 0.266 0.286 0.296 0.293 0.281 0.276 0.276 0.282 0.275 0.27 0.272 0.277 0.282 0.29 0.294 0.298 0.311 0.324 0.34 0.348 0.362 0.359 0.348 0.337 0.314 0.308 0.314 0.322 0.342 0.366 0.388 0.4 0.409 0.407 0.403 0.418 0.425 0.438 0.461 0.482 0.499 0.516 0.534 0.537 0.538 0.544 0.57 0.599 0.649 0.699 0.759 0.816 0.869 0.907 0.93 0.96 0.988 0.989 0.966 0.938 0.911 0.896 0.89 0.891 0.9 0.924 0.965 1.013 1.049 1.165 1.192 1.254 1.316 1.374 1.425 1.451 1.487 1.514 1.527 1.564 1.629 1.673 1.692 1.709 1.75 1.785 1.827 1.829 1.81 1.773 1.711 1.648 1.565 1.518 1.57 1.651 1.762 1.885 1.994 2.073 2.181 2.267 2.277 2.276 2.27 2.284 2.309 2.342 2.384 2.431 2.428 2.446 2.441 2.425 2.418 2.41 2.405 2.407 2.414 2.424 2.439 2.457 2.476 2.496 2.516 2.534 2.556 2.576 2.593 2.607 2.621
0.228 0.224 0.218 0.215 0.21 0.206 0.202 0.203 0.208 0.216 0.235 0.247 0.249 0.251 0.253 0.254 0.254 0.251 0.248 0.241 0.242 0.246 0.262 0.283 0.293 0.276 0.27 0.268 0.269 0.272 0.264 0.263 0.266 0.271 0.275 0.283 0.288 0.295 0.307 0.322 0.336 0.345 0.353 0.351 0.341 0.33 0.307 0.299 0.306 0.314 0.334 0.357 0.376 0.391 0.398 0.395 0.391 0.397 0.405 0.418 0.44 0.455 0.482 0.499 0.517 0.519 0.521 0.539 0.564 0.593 0.64 0.684 0.745 0.8 0.852 0.889 0.912 0.942 0.969 0.969 0.947 0.921 0.894 0.879 0.873 0.874 0.883 0.907 0.947 0.994 1.029 1.143 1.17 1.231 1.293 1.349 1.4 1.426 1.462 1.489 1.501 1.537 1.602 1.644 1.664 1.68 1.721 1.756 1.798 1.799 1.781 1.744 1.683 1.621 1.54 1.493 1.545 1.625 1.735 1.856 1.964 2.042 2.147 2.232 2.243 2.242 2.236 2.25 2.275 2.308 2.35 2.397 2.393 2.411 2.408 2.393 2.384 2.377 2.373 2.375 2.382 2.394 2.407 2.425 2.445 2.464 2.484 2.504 2.525 2.545 2.563 2.577
0.224 0.22 0.216 0.211 0.207 0.203 0.2 0.195 0.197 0.2 0.209 0.227 0.239 0.241 0.243 0.245 0.246 0.241 0.238 0.233 0.228 0.23 0.236 0.258 0.281 0.274 0.261 0.257 0.258 0.26 0.26 0.256 0.257 0.259 0.263 0.268 0.274 0.282 0.288 0.301 0.315 0.331 0.336 0.343 0.341 0.332 0.321 0.299 0.291 0.298 0.305 0.325 0.346 0.366 0.381 0.387 0.384 0.372 0.377 0.385 0.398 0.414 0.439 0.464 0.481 0.499 0.502 0.513 0.532 0.556 0.583 0.626 0.668 0.73 0.784 0.833 0.87 0.892 0.922 0.948 0.949 0.927 0.901 0.876 0.86 0.855 0.856 0.865 0.889 0.927 0.974 1.009 1.12 1.147 1.208 1.268 1.324 1.374 1.399 1.435 1.46 1.473 1.509 1.572 1.614 1.634 1.649 1.69 1.724 1.765 1.767 1.749 1.713 1.654 1.592 1.513 1.467 1.519 1.597 1.705 1.825 1.931 2.007 2.111 2.196 2.207 2.206 2.2 2.214 2.239 2.27 2.313 2.36 2.357 2.375 2.371 2.356 2.349 2.343 2.339 2.341 2.348 2.36 2.374 2.392 2.412 2.431 2.451 2.47 2.491 2.512 2.53
0.221 0.216 0.212 0.208 0.203 0.199 0.196 0.192 0.188 0.19 0.194 0.202 0.219 0.231 0.233 0.235 0.237 0.233 0.227 0.224 0.221 0.215 0.218 0.228 0.252 0.262 0.255 0.244 0.245 0.248 0.248 0.251 0.249 0.249 0.251 0.255 0.26 0.266 0.272 0.279 0.291 0.305 0.319 0.323 0.329 0.327 0.32 0.311 0.289 0.283 0.289 0.296 0.314 0.336 0.355 0.368 0.374 0.367 0.356 0.361 0.368 0.376 0.4 0.424 0.448 0.464 0.483 0.485 0.496 0.515 0.539 0.568 0.607 0.654 0.713 0.765 0.814 0.851 0.872 0.901 0.927 0.928 0.906 0.881 0.856 0.841 0.836 0.837 0.845 0.869 0.907 0.953 0.987 1.096 1.123 1.182 1.242 1.297 1.345 1.37 1.405 1.431 1.444 1.478 1.54 1.582 1.602 1.617 1.657 1.691 1.732 1.734 1.716 1.68 1.622 1.561 1.484 1.439 1.49 1.567 1.673 1.792 1.896 1.971 2.074 2.157 2.167 2.167 2.161 2.175 2.2 2.232 2.274 2.321 2.318 2.336 2.332 2.318 2.312 2.306 2.302 2.305 2.313 2.324 2.338 2.356 2.375 2.396 2.416 2.434 2.456 2.477
0.216 0.212 0.207 0.203 0.2 0.194 0.192 0.189 0.185 0.181 0.182 0.186 0.194 0.211 0.222 0.224 0.227 0.223 0.22 0.214 0.216 0.21 0.202 0.206 0.218 0.236 0.243 0.235 0.228 0.232 0.236 0.238 0.242 0.238 0.238 0.239 0.245 0.249 0.253 0.26 0.267 0.277 0.29 0.302 0.306 0.313 0.312 0.309 0.302 0.279 0.273 0.28 0.285 0.304 0.325 0.342 0.355 0.36 0.354 0.344 0.348 0.353 0.366 0.388 0.412 0.436 0.451 0.461 0.464 0.474 0.493 0.524 0.546 0.592 0.638 0.694 0.746 0.793 0.829 0.85 0.878 0.904 0.905 0.885 0.859 0.835 0.82 0.815 0.816 0.825 0.848 0.885 0.93 0.964 1.071 1.096 1.155 1.213 1.267 1.315 1.339 1.374 1.399 1.411 1.445 1.507 1.548 1.567 1.582 1.622 1.655 1.695 1.696 1.679 1.644 1.588 1.528 1.452 1.409 1.46 1.535 1.64 1.755 1.858 1.933 2.033 2.114 2.126 2.125 2.12 2.134 2.159 2.191 2.232 2.278 2.275 2.294 2.291 2.278 2.271 2.265 2.263 2.266 2.274 2.286 2.299 2.318 2.337 2.357 2.377 2.396 2.418
0.21 0.207 0.203 0.199 0.195 0.191 0.186 0.184 0.181 0.177 0.173 0.175 0.179 0.186 0.203 0.214 0.216 0.213 0.21 0.207 0.21 0.207 0.199 0.19 0.194 0.205 0.219 0.221 0.215 0.211 0.221 0.224 0.226 0.23 0.227 0.227 0.229 0.232 0.235 0.239 0.246 0.251 0.261 0.272 0.285 0.288 0.295 0.299 0.297 0.289 0.269 0.263 0.268 0.275 0.293 0.314 0.329 0.347 0.353 0.345 0.335 0.339 0.344 0.355 0.377 0.4 0.424 0.429 0.439 0.442 0.452 0.479 0.503 0.532 0.577 0.619 0.675 0.725 0.772 0.807 0.827 0.855 0.88 0.881 0.86 0.836 0.812 0.799 0.794 0.795 0.803 0.826 0.863 0.906 0.94 1.044 1.07 1.127 1.184 1.236 1.283 1.307 1.34 1.366 1.378 1.411 1.471 1.511 1.53 1.546 1.584 1.616 1.656 1.657 1.641 1.607 1.552 1.494 1.42 1.377 1.427 1.501 1.603 1.717 1.818 1.891 1.99 2.069 2.08 2.081 2.076 2.09 2.115 2.146 2.187 2.233 2.231 2.25 2.247 2.235 2.228 2.223 2.221 2.225 2.233 2.244 2.258 2.276 2.296 2.316 2.336 2.355
0.205 0.2 0.197 0.194 0.189 0.186 0.183 0.178 0.176 0.172 0.169 0.166 0.168 0.171 0.178 0.195 0.206 0.203 0.2 0.197 0.202 0.205 0.198 0.188 0.176 0.184 0.192 0.201 0.2 0.195 0.201 0.208 0.211 0.213 0.217 0.214 0.216 0.216 0.219 0.221 0.225 0.229 0.234 0.244 0.255 0.267 0.27 0.282 0.285 0.284 0.275 0.258 0.253 0.258 0.265 0.281 0.3 0.323 0.34 0.346 0.339 0.332 0.332 0.336 0.347 0.369 0.392 0.403 0.409 0.418 0.422 0.438 0.458 0.488 0.517 0.559 0.601 0.655 0.704 0.749 0.782 0.803 0.83 0.854 0.855 0.835 0.812 0.789 0.776 0.771 0.772 0.78 0.803 0.839 0.882 0.914 1.015 1.04 1.096 1.152 1.203 1.249 1.272 1.305 1.33 1.341 1.374 1.433 1.473 1.492 1.506 1.544 1.575 1.613 1.616 1.599 1.567 1.513 1.456 1.385 1.344 1.392 1.465 1.565 1.676 1.775 1.847 1.943 2.021 2.033 2.033 2.029 2.044 2.068 2.099 2.14 2.185 2.183 2.202 2.2 2.187 2.182 2.178 2.176 2.18 2.188 2.2 2.214 2.231 2.252 2.272 2.292
0.198 0.195 0.191 0.188 0.184 0.18 0.177 0.174 0.17 0.168 0.164 0.161 0.158 0.16 0.163 0.171 0.187 0.192 0.189 0.188 0.196 0.198 0.2 0.189 0.176 0.167 0.174 0.177 0.182 0.179 0.186 0.189 0.195 0.198 0.2 0.204 0.203 0.203 0.204 0.205 0.208 0.209 0.213 0.217 0.227 0.237 0.251 0.256 0.268 0.271 0.269 0.262 0.246 0.243 0.248 0.255 0.269 0.297 0.319 0.336 0.341 0.337 0.324 0.324 0.328 0.34 0.36 0.375 0.385 0.391 0.4 0.407 0.419 0.444 0.473 0.5 0.541 0.581 0.634 0.68 0.725 0.758 0.777 0.803 0.827 0.827 0.809 0.787 0.765 0.752 0.747 0.749 0.756 0.778 0.813 0.855 0.886 0.985 1.009 1.064 1.118 1.168 1.212 1.235 1.268 1.291 1.304 1.336 1.393 1.431 1.45 1.464 1.501 1.531 1.57 1.571 1.556 1.525 1.472 1.418 1.348 1.307 1.355 1.426 1.524 1.633 1.729 1.8 1.894 1.97 1.982 1.983 1.979 1.994 2.018 2.049 2.088 2.133 2.132 2.151 2.149 2.138 2.134 2.129 2.128 2.132 2.14 2.152 2.166 2.185 2.204 2.225
0.191 0.188 0.185 0.181 0.178 0.175 0.171 0.168 0.165 0.161 0.159 0.156 0.153 0.15 0.152 0.156 0.163 0.176 0.178 0.176 0.188 0.194 0.195 0.194 0.18 0.165 0.156 0.163 0.163 0.163 0.17 0.175 0.179 0.184 0.186 0.189 0.193 0.191 0.191 0.191 0.192 0.195 0.195 0.2 0.203 0.212 0.223 0.237 0.242 0.253 0.256 0.254 0.25 0.236 0.232 0.238 0.243 0.266 0.291 0.314 0.329 0.337 0.329 0.317 0.317 0.321 0.332 0.346 0.359 0.369 0.376 0.385 0.389 0.405 0.429 0.455 0.481 0.521 0.56 0.612 0.657 0.699 0.731 0.75 0.776 0.798 0.8 0.782 0.759 0.739 0.726 0.722 0.723 0.731 0.752 0.786 0.827 0.857 0.953 0.977 1.03 1.082 1.13 1.174 1.196 1.228 1.251 1.263 1.295 1.35 1.388 1.405 1.419 1.455 1.485 1.522 1.524 1.509 1.479 1.428 1.375 1.308 1.268 1.315 1.384 1.48 1.586 1.68 1.749 1.841 1.916 1.928 1.929 1.926 1.941 1.964 1.995 2.035 2.078 2.077 2.096 2.095 2.085 2.081 2.077 2.076 2.08 2.089 2.101 2.116 2.133 2.154
0.184 0.181 0.178 0.175 0.171 0.168 0.166 0.161 0.159 0.156 0.153 0.15 0.148 0.145 0.142 0.145 0.148 0.157 0.165 0.165 0.174 0.186 0.193 0.19 0.189 0.167 0.155 0.146 0.153 0.148 0.155 0.161 0.165 0.169 0.173 0.175 0.178 0.183 0.18 0.181 0.18 0.18 0.183 0.183 0.187 0.19 0.2 0.208 0.223 0.227 0.238 0.241 0.244 0.239 0.226 0.222 0.227 0.237 0.258 0.284 0.305 0.321 0.329 0.321 0.309 0.31 0.313 0.317 0.33 0.344 0.354 0.36 0.366 0.376 0.39 0.412 0.437 0.462 0.501 0.538 0.588 0.632 0.672 0.703 0.722 0.746 0.768 0.769 0.752 0.731 0.711 0.7 0.696 0.697 0.705 0.725 0.757 0.797 0.826 0.919 0.942 0.993 1.044 1.091 1.133 1.155 1.185 1.209 1.22 1.251 1.305 1.341 1.358 1.372 1.406 1.437 1.471 1.474 1.46 1.43 1.381 1.331 1.265 1.227 1.274 1.341 1.434 1.537 1.628 1.695 1.786 1.859 1.87 1.872 1.869 1.884 1.908 1.937 1.977 2.019 2.019 2.038 2.038 2.028 2.025 2.021 2.021 2.026 2.034 2.047 2.062 2.079
0.176 0.172 0.169 0.166 0.164 0.16 0.158 0.156 0.152 0.15 0.147 0.143 0.142 0.14 0.137 0.134 0.137 0.143 0.15 0.155 0.161 0.17 0.186 0.191 0.185 0.171 0.154 0.144 0.136 0.142 0.142 0.147 0.151 0.155 0.159 0.163 0.167 0.169 0.173 0.169 0.17 0.169 0.17 0.172 0.172 0.176 0.18 0.186 0.196 0.208 0.212 0.225 0.23 0.233 0.228 0.215 0.212 0.218 0.229 0.248 0.272 0.293 0.31 0.317 0.31 0.298 0.299 0.298 0.302 0.315 0.327 0.337 0.341 0.352 0.36 0.372 0.393 0.418 0.442 0.479 0.515 0.563 0.604 0.644 0.674 0.692 0.714 0.736 0.737 0.722 0.701 0.682 0.671 0.667 0.669 0.676 0.695 0.728 0.765 0.794 0.884 0.905 0.955 1.005 1.049 1.089 1.111 1.141 1.163 1.174 1.203 1.256 1.291 1.308 1.322 1.355 1.384 1.419 1.421 1.407 1.379 1.332 1.283 1.22 1.185 1.229 1.295 1.385 1.485 1.573 1.639 1.727 1.797 1.808 1.811 1.809 1.824 1.848 1.877 1.915 1.957 1.957 1.977 1.976 1.967 1.965 1.961 1.961 1.966 1.976 1.988 2.003
0.166 0.164 0.161 0.158 0.155 0.153 0.15 0.148 0.146 0.142 0.14 0.137 0.134 0.133 0.13 0.129 0.126 0.133 0.137 0.144 0.145 0.158 0.168 0.187 0.188 0.165 0.153 0.139 0.133 0.125 0.135 0.133 0.137 0.142 0.145 0.149 0.154 0.157 0.159 0.163 0.16 0.16 0.159 0.159 0.162 0.162 0.165 0.168 0.174 0.183 0.194 0.2 0.214 0.218 0.22 0.217 0.204 0.202 0.208 0.218 0.237 0.261 0.279 0.294 0.302 0.294 0.284 0.283 0.283 0.287 0.299 0.311 0.319 0.326 0.336 0.343 0.355 0.374 0.399 0.421 0.457 0.49 0.536 0.577 0.614 0.642 0.659 0.682 0.703 0.704 0.689 0.67 0.652 0.641 0.637 0.639 0.646 0.665 0.695 0.732 0.759 0.846 0.867 0.914 0.962 1.005 1.044 1.065 1.094 1.115 1.126 1.154 1.205 1.239 1.255 1.268 1.301 1.329 1.362 1.364 1.352 1.325 1.279 1.233 1.172 1.139 1.181 1.245 1.332 1.429 1.515 1.578 1.664 1.733 1.744 1.747 1.745 1.76 1.784 1.812 1.849 1.89 1.892 1.91 1.91 1.902 1.9 1.898 1.899 1.904 1.914 1.926
0.157 0.154 0.153 0.149 0.147 0.145 0.142 0.14 0.138 0.135 0.133 0.131 0.128 0.126 0.124 0.122 0.12 0.123 0.13 0.132 0.13 0.136 0.152 0.165 0.184 0.166 0.145 0.135 0.125 0.122 0.117 0.126 0.124 0.128 0.133 0.136 0.14 0.144 0.147 0.149 0.152 0.15 0.151 0.15 0.15 0.153 0.152 0.153 0.156 0.162 0.171 0.181 0.188 0.202 0.206 0.208 0.205 0.195 0.192 0.197 0.207 0.224 0.244 0.262 0.277 0.284 0.277 0.269 0.269 0.268 0.272 0.283 0.293 0.303 0.31 0.318 0.324 0.336 0.355 0.378 0.4 0.433 0.465 0.509 0.548 0.583 0.611 0.627 0.649 0.668 0.669 0.655 0.637 0.62 0.611 0.607 0.608 0.615 0.633 0.663 0.698 0.723 0.805 0.826 0.872 0.916 0.958 0.996 1.017 1.044 1.065 1.075 1.103 1.15 1.184 1.2 1.213 1.244 1.271 1.303 1.305 1.293 1.268 1.225 1.18 1.122 1.09 1.132 1.193 1.277 1.371 1.454 1.515 1.598 1.664 1.676 1.678 1.678 1.693 1.715 1.744 1.781 1.821 1.822 1.84 1.841 1.835 1.832 1.83 1.832 1.837 1.847
0.148 0.145 0.141 0.141 0.138 0.136 0.133 0.132 0.129 0.127 0.125 0.122 0.121 0.118 0.116 0.115 0.113 0.116 0.119 0.125 0.117 0.118 0.128 0.148 0.161 0.161 0.144 0.126 0.118 0.11 0.115 0.109 0.118 0.115 0.119 0.123 0.127 0.131 0.134 0.137 0.139 0.142 0.141 0.141 0.139 0.14 0.143 0.14 0.141 0.144 0.15 0.158 0.17 0.178 0.191 0.193 0.196 0.191 0.181 0.179 0.185 0.193 0.208 0.227 0.243 0.258 0.264 0.261 0.253 0.254 0.253 0.255 0.264 0.277 0.287 0.292 0.299 0.305 0.317 0.335 0.356 0.376 0.409 0.439 0.481 0.517 0.551 0.577 0.593 0.613 0.632 0.632 0.619 0.603 0.587 0.578 0.575 0.577 0.582 0.6 0.628 0.661 0.686 0.764 0.784 0.827 0.87 0.91 0.946 0.966 0.992 1.012 1.023 1.048 1.094 1.126 1.141 1.154 1.184 1.21 1.241 1.244 1.232 1.207 1.167 1.124 1.07 1.04 1.079 1.139 1.22 1.31 1.39 1.449 1.528 1.593 1.604 1.607 1.607 1.621 1.644 1.672 1.707 1.747 1.749 1.767 1.768 1.762 1.761 1.759 1.761 1.768
0.138 0.135 0.132 0.13 0.128 0.126 0.124 0.122 0.12 0.117 0.117 0.115 0.112 0.111 0.11 0.107 0.106 0.11 0.113 0.116 0.109 0.102 0.104 0.118 0.143 0.142 0.138 0.122 0.107 0.099 0.102 0.105 0.1 0.108 0.106 0.109 0.115 0.118 0.121 0.124 0.127 0.129 0.132 0.13 0.13 0.129 0.13 0.13 0.128 0.129 0.132 0.138 0.147 0.159 0.167 0.179 0.182 0.183 0.179 0.17 0.168 0.172 0.175 0.19 0.207 0.222 0.236 0.246 0.243 0.237 0.236 0.237 0.236 0.248 0.26 0.268 0.273 0.28 0.286 0.296 0.314 0.333 0.353 0.383 0.412 0.451 0.485 0.517 0.543 0.557 0.576 0.594 0.596 0.583 0.568 0.552 0.545 0.542 0.543 0.549 0.566 0.592 0.623 0.647 0.721 0.74 0.781 0.822 0.86 0.895 0.913 0.937 0.957 0.966 0.992 1.036 1.066 1.08 1.093 1.122 1.146 1.176 1.178 1.168 1.145 1.106 1.066 1.015 0.987 1.025 1.082 1.16 1.246 1.323 1.38 1.455 1.517 1.529 1.533 1.533 1.547 1.57 1.597 1.631 1.669 1.671 1.689 1.691 1.686 1.685 1.685 1.687
0.127 0.125 0.123 0.121 0.118 0.117 0.115 0.113 0.111 0.109 0.107 0.106 0.104 0.102 0.101 0.1 0.097 0.102 0.105 0.109 0.101 0.094 0.087 0.091 0.108 0.126 0.122 0.115 0.099 0.087 0.091 0.093 0.096 0.092 0.099 0.097 0.102 0.106 0.108 0.11 0.113 0.116 0.117 0.121 0.119 0.119 0.118 0.119 0.119 0.116 0.118 0.121 0.13 0.138 0.148 0.157 0.169 0.168 0.171 0.166 0.157 0.156 0.155 0.157 0.17 0.187 0.202 0.218 0.227 0.225 0.217 0.22 0.216 0.221 0.232 0.241 0.249 0.254 0.26 0.266 0.276 0.292 0.311 0.329 0.357 0.384 0.421 0.453 0.483 0.506 0.521 0.539 0.555 0.557 0.546 0.532 0.517 0.51 0.506 0.509 0.515 0.531 0.555 0.584 0.607 0.676 0.694 0.733 0.773 0.808 0.84 0.858 0.882 0.9 0.91 0.934 0.975 1.003 1.018 1.03 1.057 1.08 1.109 1.111 1.102 1.08 1.044 1.007 0.959 0.932 0.969 1.023 1.097 1.179 1.253 1.308 1.379 1.439 1.451 1.455 1.455 1.47 1.492 1.517 1.55 1.587 1.59 1.608 1.611 1.605 1.606 1.606
0.117 0.114 0.113 0.11 0.108 0.107 0.105 0.103 0.102 0.1 0.098 0.097 0.096 0.095 0.093 0.091 0.091 0.094 0.098 0.101 0.094 0.086 0.076 0.073 0.077 0.096 0.106 0.102 0.093 0.078 0.08 0.081 0.083 0.086 0.082 0.089 0.088 0.092 0.096 0.097 0.1 0.103 0.105 0.106 0.109 0.107 0.108 0.107 0.108 0.108 0.105 0.107 0.114 0.121 0.128 0.139 0.146 0.156 0.156 0.159 0.154 0.146 0.139 0.136 0.138 0.151 0.167 0.184 0.198 0.207 0.205 0.201 0.2 0.201 0.205 0.215 0.224 0.231 0.235 0.243 0.247 0.257 0.271 0.288 0.306 0.332 0.357 0.392 0.421 0.45 0.471 0.484 0.502 0.517 0.519 0.509 0.495 0.482 0.475 0.473 0.474 0.48 0.495 0.517 0.546 0.567 0.632 0.648 0.685 0.722 0.755 0.785 0.803 0.825 0.842 0.852 0.874 0.913 0.94 0.954 0.965 0.991 1.013 1.04 1.043 1.033 1.014 0.98 0.945 0.901 0.877 0.912 0.963 1.033 1.112 1.181 1.234 1.302 1.359 1.37 1.375 1.375 1.39 1.411 1.436 1.468 1.503 1.506 1.524 1.527 1.523 1.524
0.106 0.104 0.102 0.101 0.099 0.097 0.094 0.094 0.092 0.091 0.09 0.089 0.087 0.086 0.085 0.084 0.083 0.087 0.09 0.093 0.089 0.08 0.07 0.06 0.059 0.069 0.084 0.089 0.081 0.07 0.071 0.071 0.072 0.073 0.076 0.073 0.08 0.079 0.083 0.087 0.088 0.089 0.092 0.094 0.095 0.098 0.096 0.097 0.096 0.097 0.097 0.095 0.099 0.105 0.112 0.119 0.129 0.133 0.142 0.143 0.144 0.141 0.129 0.123 0.12 0.122 0.133 0.152 0.168 0.181 0.189 0.189 0.181 0.184 0.185 0.189 0.198 0.207 0.213 0.218 0.223 0.228 0.237 0.25 0.267 0.282 0.306 0.33 0.361 0.389 0.416 0.435 0.447 0.463 0.478 0.48 0.471 0.458 0.446 0.439 0.438 0.439 0.445 0.458 0.48 0.505 0.526 0.585 0.602 0.636 0.67 0.701 0.73 0.746 0.767 0.783 0.792 0.813 0.85 0.875 0.888 0.899 0.923 0.945 0.969 0.972 0.964 0.946 0.915 0.883 0.842 0.819 0.852 0.901 0.968 1.041 1.108 1.157 1.221 1.275 1.287 1.291 1.293 1.307 1.327 1.351 1.382 1.416 1.42 1.437 1.44 1.437
0.095 0.093 0.093 0.09 0.089 0.088 0.086 0.084 0.083 0.082 0.08 0.079 0.079 0.078 0.076 0.076 0.074 0.079 0.083 0.087 0.082 0.075 0.065 0.055 0.045 0.053 0.062 0.072 0.071 0.062 0.064 0.063 0.063 0.063 0.064 0.066 0.066 0.073 0.071 0.074 0.078 0.078 0.079 0.081 0.084 0.084 0.087 0.086 0.086 0.085 0.086 0.087 0.087 0.092 0.097 0.103 0.109 0.115 0.119 0.128 0.128 0.129 0.125 0.115 0.11 0.106 0.108 0.122 0.138 0.153 0.165 0.172 0.17 0.165 0.168 0.169 0.173 0.181 0.189 0.195 0.199 0.204 0.208 0.216 0.228 0.244 0.258 0.281 0.302 0.331 0.356 0.38 0.399 0.41 0.425 0.439 0.44 0.431 0.42 0.41 0.404 0.403 0.403 0.408 0.421 0.441 0.464 0.483 0.539 0.554 0.585 0.617 0.647 0.673 0.687 0.707 0.723 0.731 0.751 0.785 0.809 0.821 0.832 0.854 0.874 0.898 0.9 0.893 0.877 0.848 0.819 0.781 0.761 0.793 0.838 0.9 0.97 1.031 1.078 1.139 1.19 1.2 1.205 1.207 1.221 1.24 1.264 1.293 1.325 1.329 1.346 1.35
0.084 0.083 0.082 0.08 0.079 0.077 0.077 0.075 0.074 0.072 0.072 0.071 0.07 0.069 0.068 0.067 0.067 0.07 0.075 0.078 0.076 0.071 0.063 0.052 0.041 0.041 0.046 0.054 0.059 0.054 0.055 0.057 0.056 0.056 0.056 0.057 0.059 0.059 0.065 0.064 0.066 0.069 0.07 0.069 0.072 0.074 0.076 0.077 0.075 0.076 0.075 0.076 0.079 0.08 0.083 0.088 0.094 0.095 0.101 0.106 0.114 0.111 0.112 0.109 0.1 0.095 0.092 0.099 0.111 0.126 0.139 0.149 0.154 0.154 0.149 0.152 0.153 0.156 0.164 0.171 0.176 0.18 0.185 0.189 0.196 0.208 0.221 0.234 0.255 0.274 0.3 0.323 0.345 0.362 0.372 0.386 0.398 0.4 0.392 0.383 0.373 0.368 0.366 0.368 0.372 0.384 0.402 0.424 0.441 0.491 0.505 0.534 0.564 0.59 0.616 0.629 0.647 0.661 0.669 0.688 0.719 0.742 0.753 0.763 0.783 0.802 0.824 0.826 0.82 0.805 0.78 0.754 0.719 0.701 0.731 0.773 0.832 0.896 0.954 0.997 1.055 1.101 1.112 1.117 1.12 1.132 1.152 1.174 1.201 1.232 1.237 1.252
0.074 0.073 0.072 0.071 0.07 0.068 0.068 0.066 0.065 0.063 0.063 0.063 0.061 0.061 0.06 0.059 0.059 0.062 0.067 0.071 0.068 0.067 0.06 0.051 0.039 0.036 0.037 0.041 0.047 0.047 0.047 0.048 0.05 0.05 0.049 0.05 0.051 0.053 0.052 0.058 0.057 0.059 0.061 0.062 0.061 0.064 0.066 0.066 0.066 0.065 0.065 0.065 0.068 0.071 0.072 0.076 0.08 0.081 0.082 0.087 0.092 0.098 0.096 0.097 0.094 0.085 0.081 0.085 0.091 0.103 0.115 0.124 0.132 0.137 0.138 0.134 0.136 0.137 0.14 0.147 0.153 0.158 0.161 0.166 0.17 0.176 0.186 0.198 0.21 0.228 0.246 0.269 0.291 0.31 0.325 0.335 0.347 0.359 0.36 0.354 0.345 0.336 0.332 0.331 0.332 0.336 0.346 0.363 0.383 0.399 0.444 0.458 0.484 0.51 0.535 0.557 0.57 0.586 0.6 0.607 0.624 0.653 0.673 0.684 0.693 0.713 0.73 0.75 0.753 0.747 0.735 0.712 0.688 0.657 0.64 0.668 0.707 0.761 0.821 0.875 0.915 0.968 1.012 1.022 1.027 1.03 1.043 1.06 1.082 1.107 1.136 1.141
0.064 0.063 0.062 0.061 0.061 0.059 0.058 0.057 0.056 0.055 0.054 0.054 0.054 0.053 0.052 0.052 0.051 0.055 0.059 0.063 0.062 0.059 0.058 0.05 0.04 0.034 0.031 0.033 0.036 0.04 0.04 0.042 0.042 0.044 0.043 0.043 0.043 0.044 0.046 0.045 0.05 0.05 0.051 0.053 0.055 0.055 0.056 0.057 0.057 0.057 0.057 0.057 0.058 0.061 0.064 0.065 0.068 0.069 0.07 0.071 0.075 0.078 0.083 0.08 0.082 0.079 0.073 0.074 0.078 0.084 0.094 0.101 0.109 0.117 0.121 0.122 0.118 0.12 0.121 0.123 0.129 0.135 0.14 0.143 0.147 0.15 0.156 0.165 0.176 0.186 0.202 0.219 0.24 0.258 0.276 0.289 0.298 0.309 0.319 0.321 0.315 0.307 0.3 0.296 0.295 0.296 0.3 0.309 0.324 0.342 0.357 0.398 0.409 0.433 0.457 0.479 0.5 0.511 0.526 0.539 0.545 0.561 0.587 0.605 0.615 0.624 0.641 0.657 0.675 0.679 0.675 0.664 0.643 0.622 0.595 0.58 0.605 0.642 0.691 0.746 0.795 0.832 0.881 0.921 0.931 0.936 0.939 0.951 0.968 0.988 1.012 1.039
0.055 0.054 0.053 0.052 0.052 0.05 0.05 0.049 0.048 0.047 0.047 0.046 0.046 0.045 0.045 0.044 0.044 0.047 0.051 0.056 0.054 0.054 0.05 0.049 0.041 0.035 0.029 0.027 0.029 0.031 0.035 0.035 0.035 0.037 0.037 0.037 0.037 0.038 0.038 0.039 0.039 0.044 0.044 0.044 0.046 0.048 0.047 0.048 0.048 0.049 0.049 0.049 0.05 0.052 0.054 0.057 0.058 0.057 0.058 0.058 0.06 0.062 0.065 0.069 0.068 0.068 0.066 0.065 0.067 0.071 0.075 0.081 0.088 0.095 0.102 0.106 0.106 0.103 0.106 0.105 0.109 0.113 0.119 0.122 0.125 0.129 0.131 0.136 0.145 0.154 0.163 0.178 0.192 0.21 0.227 0.242 0.255 0.262 0.272 0.281 0.282 0.277 0.27 0.264 0.261 0.26 0.262 0.264 0.273 0.287 0.303 0.315 0.352 0.362 0.383 0.404 0.425 0.442 0.453 0.468 0.478 0.484 0.499 0.522 0.538 0.548 0.556 0.572 0.586 0.603 0.606 0.602 0.593 0.575 0.556 0.532 0.519 0.543 0.576 0.621 0.671 0.716 0.75 0.794 0.831 0.84 0.845 0.848 0.859 0.875 0.894 0.916
0.046 0.046 0.045 0.044 0.043 0.043 0.042 0.042 0.04 0.04 0.04 0.039 0.038 0.038 0.038 0.037 0.037 0.04 0.043 0.048 0.048 0.045 0.046 0.043 0.04 0.034 0.029 0.024 0.024 0.026 0.026 0.029 0.029 0.03 0.031 0.032 0.031 0.031 0.031 0.032 0.034 0.033 0.037 0.037 0.039 0.04 0.04 0.041 0.041 0.042 0.041 0.042 0.043 0.044 0.046 0.048 0.05 0.048 0.047 0.048 0.049 0.05 0.052 0.054 0.058 0.056 0.057 0.058 0.057 0.059 0.062 0.065 0.07 0.076 0.082 0.088 0.091 0.092 0.089 0.09 0.091 0.093 0.098 0.102 0.106 0.108 0.112 0.114 0.118 0.126 0.133 0.141 0.154 0.166 0.182 0.196 0.21 0.221 0.227 0.236 0.244 0.245 0.241 0.235 0.23 0.228 0.226 0.228 0.23 0.239 0.25 0.264 0.275 0.308 0.316 0.335 0.354 0.372 0.388 0.397 0.409 0.419 0.425 0.438 0.458 0.474 0.482 0.488 0.503 0.516 0.532 0.535 0.532 0.524 0.509 0.492 0.472 0.461 0.482 0.511 0.552 0.596 0.638 0.668 0.708 0.741 0.749 0.755 0.758 0.769 0.784 0.8
0.039 0.038 0.038 0.036 0.036 0.035 0.035 0.035 0.034 0.033 0.033 0.033 0.032 0.031 0.031 0.031 0.031 0.033 0.036 0.039 0.04 0.041 0.038 0.039 0.036 0.033 0.028 0.024 0.021 0.021 0.022 0.022 0.024 0.024 0.025 0.026 0.026 0.026 0.026 0.026 0.027 0.029 0.028 0.032 0.031 0.032 0.033 0.035 0.034 0.034 0.035 0.035 0.036 0.036 0.036 0.04 0.042 0.04 0.038 0.038 0.038 0.039 0.041 0.043 0.044 0.048 0.046 0.049 0.05 0.049 0.051 0.051 0.054 0.06 0.064 0.07 0.074 0.078 0.078 0.076 0.077 0.078 0.08 0.084 0.087 0.09 0.092 0.095 0.097 0.101 0.107 0.113 0.121 0.132 0.142 0.156 0.168 0.18 0.19 0.194 0.202 0.209 0.21 0.207 0.202 0.198 0.195 0.194 0.196 0.198 0.205 0.215 0.227 0.238 0.265 0.273 0.29 0.306 0.322 0.336 0.344 0.355 0.363 0.369 0.38 0.398 0.41 0.418 0.424 0.437 0.449 0.463 0.466 0.464 0.458 0.444 0.431 0.413 0.404 0.423 0.449 0.485 0.525 0.561 0.588 0.624 0.654 0.662 0.666 0.67 0.68 0.693
0.031 0.031 0.03 0.03 0.029 0.029 0.028 0.028 0.028 0.028 0.026 0.026 0.026 0.026 0.026 0.026 0.026 0.027 0.029 0.032 0.032 0.034 0.036 0.032 0.034 0.028 0.027 0.022 0.02 0.017 0.017 0.018 0.018 0.02 0.02 0.021 0.021 0.021 0.022 0.022 0.022 0.022 0.024 0.023 0.026 0.026 0.027 0.028 0.028 0.028 0.028 0.029 0.031 0.03 0.031 0.03 0.034 0.034 0.034 0.032 0.031 0.03 0.033 0.034 0.036 0.038 0.04 0.04 0.042 0.042 0.042 0.041 0.043 0.046 0.05 0.053 0.058 0.062 0.065 0.065 0.064 0.065 0.065 0.066 0.07 0.074 0.076 0.077 0.08 0.082 0.085 0.09 0.095 0.102 0.111 0.119 0.131 0.142 0.152 0.16 0.164 0.171 0.177 0.178 0.175 0.171 0.167 0.165 0.165 0.167 0.168 0.175 0.183 0.193 0.201 0.226 0.233 0.246 0.261 0.274 0.286 0.293 0.303 0.311 0.315 0.325 0.34 0.352 0.359 0.364 0.376 0.387 0.398 0.401 0.4 0.394 0.384 0.372 0.356 0.349 0.366 0.39 0.421 0.456 0.487 0.512 0.543 0.569 0.577 0.581 0.585 0.594
0.026 0.024 0.025 0.024 0.024 0.023 0.023 0.023 0.023 0.022 0.021 0.021 0.021 0.021 0.021 0.021 0.021 0.023 0.024 0.026 0.026 0.027 0.029 0.031 0.025 0.027 0.022 0.019 0.016 0.016 0.014 0.014 0.014 0.014 0.016 0.016 0.017 0.018 0.018 0.018 0.018 0.018 0.019 0.019 0.019 0.021 0.021 0.022 0.023 0.023 0.023 0.023 0.024 0.025 0.025 0.025 0.026 0.028 0.028 0.028 0.026 0.027 0.025 0.027 0.028 0.029 0.03 0.033 0.033 0.036 0.036 0.034 0.033 0.035 0.037 0.041 0.044 0.048 0.051 0.053 0.053 0.053 0.053 0.053 0.055 0.057 0.06 0.062 0.064 0.066 0.068 0.07 0.075 0.079 0.084 0.092 0.099 0.109 0.117 0.126 0.132 0.136 0.142 0.147 0.148 0.146 0.143 0.14 0.138 0.137 0.139 0.14 0.145 0.153 0.162 0.169 0.189 0.195 0.207 0.219 0.23 0.24 0.247 0.255 0.261 0.266 0.274 0.287 0.297 0.303 0.308 0.318 0.328 0.338 0.34 0.339 0.336 0.326 0.316 0.304 0.299 0.312 0.333 0.36 0.39 0.418 0.439 0.466 0.49 0.496 0.501 0.504
0.021 0.021 0.019 0.019 0.019 0.019 0.018 0.018 0.018 0.017 0.017 0.017 0.016 0.016 0.016 0.016 0.016 0.017 0.02 0.02 0.021 0.02 0.023 0.025 0.026 0.02 0.02 0.015 0.013 0.011 0.012 0.011 0.011 0.011 0.011 0.013 0.013 0.014 0.013 0.015 0.014 0.015 0.014 0.014 0.016 0.015 0.017 0.017 0.017 0.018 0.019 0.019 0.019 0.02 0.02 0.02 0.02 0.022 0.023 0.023 0.022 0.021 0.021 0.02 0.021 0.023 0.023 0.026 0.028 0.029 0.03 0.029 0.025 0.027 0.028 0.03 0.033 0.035 0.039 0.042 0.044 0.044 0.042 0.043 0.044 0.044 0.046 0.049 0.051 0.052 0.054 0.054 0.057 0.061 0.065 0.068 0.075 0.08 0.089 0.096 0.103 0.108 0.112 0.116 0.121 0.121 0.12 0.117 0.114 0.114 0.113 0.114 0.116 0.12 0.126 0.133 0.139 0.156 0.16 0.171 0.181 0.19 0.199 0.204 0.211 0.217 0.22 0.227 0.239 0.248 0.252 0.257 0.265 0.273 0.282 0.285 0.285 0.281 0.273 0.266 0.256 0.251 0.263 0.281 0.305 0.33 0.354 0.373 0.395 0.415 0.421 0.426
0.016 0.016 0.016 0.014 0.014 0.014 0.014 0.014 0.014 0.013 0.013 0.013 0.013 0.013 0.013 0.013 0.013 0.014 0.016 0.017 0.016 0.016 0.016 0.019 0.021 0.02 0.016 0.015 0.01 0.009 0.008 0.01 0.009 0.009 0.009 0.009 0.01 0.01 0.011 0.01 0.012 0.011 0.012 0.011 0.011 0.012 0.012 0.013 0.013 0.014 0.014 0.015 0.015 0.015 0.015 0.016 0.016 0.016 0.017 0.018 0.019 0.017 0.017 0.017 0.016 0.017 0.018 0.019 0.02 0.022 0.022 0.023 0.021 0.021 0.021 0.023 0.024 0.026 0.028 0.031 0.033 0.035 0.035 0.033 0.035 0.035 0.035 0.037 0.039 0.041 0.042 0.043 0.044 0.045 0.048 0.052 0.055 0.06 0.065 0.071 0.077 0.083 0.087 0.089 0.094 0.097 0.097 0.096 0.094 0.092 0.092 0.091 0.092 0.093 0.096 0.102 0.108 0.113 0.127 0.131 0.138 0.147 0.154 0.162 0.167 0.172 0.177 0.18 0.186 0.195 0.202 0.207 0.21 0.218 0.225 0.232 0.235 0.235 0.231 0.226 0.219 0.212 0.208 0.218 0.233 0.253 0.275 0.295 0.311 0.33 0.346 0.352
0.012 0.012 0.012 0.011 0.011 0.011 0.011 0.011 0.011 0.011 0.01 0.01 0.01 0.009 0.009 0.009 0.009 0.01 0.012 0.013 0.013 0.012 0.012 0.013 0.015 0.016 0.015 0.011 0.009 0.006 0.006 0.006 0.008 0.006 0.007 0.007 0.007 0.008 0.007 0.008 0.009 0.009 0.009 0.009 0.009 0.009 0.009 0.009 0.01 0.01 0.011 0.011 0.012 0.011 0.011 0.012 0.012 0.012 0.013 0.013 0.014 0.014 0.014 0.013 0.012 0.012 0.014 0.014 0.014 0.016 0.017 0.017 0.016 0.016 0.016 0.016 0.017 0.019 0.021 0.022 0.024 0.026 0.027 0.027 0.026 0.027 0.027 0.027 0.029 0.03 0.032 0.033 0.033 0.034 0.036 0.038 0.041 0.043 0.047 0.05 0.056 0.061 0.065 0.068 0.07 0.073 0.076 0.077 0.076 0.075 0.073 0.073 0.072 0.073 0.074 0.077 0.081 0.085 0.09 0.101 0.104 0.11 0.117 0.124 0.13 0.133 0.138 0.142 0.145 0.149 0.157 0.163 0.167 0.17 0.176 0.182 0.188 0.189 0.19 0.188 0.183 0.178 0.172 0.169 0.178 0.19 0.207 0.225 0.242 0.255 0.271 0.285
0.009 0.009 0.009 0.009 0.008 0.008 0.008 0.008 0.008 0.008 0.008 0.008 0.008 0.008 0.008 0.008 0.007 0.008 0.008 0.011 0.01 0.01 0.009 0.009 0.011 0.011 0.012 0.011 0.006 0.005 0.004 0.004 0.005 0.006 0.005 0.005 0.005 0.005 0.006 0.006 0.006 0.006 0.006 0.006 0.006 0.006 0.006 0.007 0.007 0.007 0.007 0.008 0.008 0.009 0.009 0.009 0.009 0.009 0.01 0.01 0.01 0.011 0.011 0.01 0.01 0.01 0.009 0.01 0.011 0.011 0.012 0.013 0.012 0.012 0.012 0.012 0.012 0.013 0.015 0.015 0.017 0.018 0.02 0.02 0.02 0.02 0.02 0.021 0.021 0.022 0.023 0.024 0.025 0.026 0.027 0.027 0.029 0.031 0.033 0.036 0.039 0.043 0.047 0.05 0.053 0.054 0.057 0.059 0.059 0.058 0.058 0.056 0.056 0.056 0.057 0.058 0.06 0.063 0.066 0.07 0.079 0.082 0.086 0.092 0.096 0.102 0.104 0.108 0.111 0.114 0.118 0.124 0.128 0.131 0.134 0.14 0.144 0.149 0.151 0.151 0.15 0.146 0.142 0.137 0.135 0.143 0.153 0.167 0.181 0.194 0.205 0.219
0.006 0.006 0.006 0.006 0.006 0.006 0.006 0.006 0.006 0.006 0.006 0.006 0.005 0.005 0.005 0.005 0.005 0.005 0.007 0.009 0.008 0.008 0.007 0.006 0.006 0.007 0.008 0.009 0.006 0.002 0.004 0.003 0.003 0.003 0.004 0.003 0.004 0.004 0.004 0.004 0.004 0.004 0.004 0.004 0.004 0.004 0.005 0.005 0.005 0.006 0.006 0.006 0.006 0.006 0.006 0.007 0.007 0.007 0.007 0.007 0.007 0.007 0.008 0.008 0.008 0.007 0.007 0.007 0.007 0.008 0.008 0.008 0.008 0.009 0.009 0.009 0.009 0.009 0.01 0.011 0.012 0.012 0.014 0.014 0.015 0.015 0.015 0.015 0.015 0.016 0.017 0.017 0.018 0.018 0.02 0.02 0.021 0.022 0.023 0.025 0.027 0.029 0.033 0.035 0.038 0.04 0.041 0.043 0.045 0.045 0.045 0.044 0.043 0.043 0.043 0.043 0.044 0.046 0.048 0.051 0.053 0.06 0.062 0.066 0.07 0.074 0.077 0.08 0.083 0.085 0.088 0.091 0.095 0.099 0.102 0.105 0.108 0.112 0.117 0.117 0.118 0.117 0.115 0.111 0.108 0.107 0.112 0.12 0.131 0.143 0.154 0.162
0.005 0.004 0.004 0.004 0.004 0.004 0.004 0.004 0.004 0.004 0.004 0.004 0.004 0.003 0.003 0.003 0.003 0.003 0.004 0.006 0.006 0.006 0.005 0.005 0.005 0.005 0.005 0.006 0.005 0.003 0.002 0.003 0.003 0.003 0.003 0.003 0.003 0.003 0.003 0.003 0.003 0.003 0.003 0.003 0.003 0.003 0.003 0.003 0.003 0.004 0.004 0.004 0.004 0.004 0.004 0.004 0.004 0.004 0.005 0.005 0.005 0.005 0.005 0.006 0.006 0.006 0.005 0.005 0.005 0.005 0.006 0.006 0.006 0.007 0.006 0.007 0.007 0.006 0.007 0.008 0.008 0.008 0.009 0.01 0.011 0.011 0.011 0.011 0.011 0.011 0.011 0.013 0.013 0.014 0.014 0.014 0.014 0.015 0.017 0.017 0.018 0.02 0.021 0.024 0.026 0.028 0.03 0.03 0.032 0.033 0.033 0.033 0.032 0.032 0.032 0.032 0.032 0.033 0.034 0.036 0.038 0.04 0.045 0.047 0.05 0.052 0.056 0.059 0.06 0.063 0.064 0.067 0.068 0.073 0.075 0.078 0.079 0.082 0.085 0.088 0.09 0.09 0.09 0.088 0.086 0.083 0.081 0.086 0.093 0.101 0.111 0.119
0.003 0.003 0.003 0.003 0.003 0.003 0.003 0.003 0.003 0.003 0.003 0.003 0.003 0.003 0.003 0.003 0.003 0.003 0.003 0.004 0.004 0.004 0.004 0.003 0.003 0.003 0.003 0.004 0.004 0.003 0.001 0.001 0.001 0.001 0.001 0.002 0.002 0.002 0.001 0.001 0.002 0.002 0.003 0.003 0.003 0.003 0.003 0.003 0.003 0.003 0.003 0.003 0.003 0.003 0.003 0.003 0.003 0.003 0.003 0.004 0.004 0.004 0.004 0.004 0.004 0.004 0.004 0.004 0.004 0.004 0.004 0.004 0.004 0.004 0.004 0.004 0.005 0.005 0.005 0.005 0.005 0.005 0.006 0.007 0.007 0.008 0.008 0.008 0.008 0.008 0.008 0.008 0.008 0.01 0.01 0.01 0.01 0.011 0.011 0.011 0.013 0.013 0.014 0.016 0.017 0.018 0.02 0.021 0.022 0.023 0.024 0.024 0.024 0.024 0.023 0.023 0.023 0.024 0.024 0.025 0.027 0.028 0.029 0.032 0.034 0.036 0.039 0.04 0.043 0.044 0.047 0.048 0.049 0.051 0.054 0.056 0.058 0.059 0.062 0.064 0.066 0.067 0.068 0.067 0.066 0.064 0.062 0.062 0.065 0.07 0.077 0.083
0.003 0.002 0.002 0.002 0.002 0.002 0.002 0.002 0.002 0.002 0.002 0.002 0.002 0.002 0.002 0.002 0.002 0.002 0.002 0.003 0.003 0.003 0.003 0.003 0.003 0.003 0.002 0.003 0.003 0.003 0.002 0.001 0.001 0.001 0.001 0.001 0.001 0.001 0.001 0.001 0.001 0.001 0.001 0.001 0.001 0.001 0.001 0.001 0.001 0.002 0.002 0.002 0.002 0.002 0.002 0.002 0.002 0.003 0.003 0.003 0.003 0.003 0.003 0.003 0.003 0.003 0.003 0.003 0.003 0.003 0.003 0.003 0.003 0.003 0.003 0.003 0.003 0.004 0.004 0.004 0.004 0.004 0.004 0.004 0.004 0.005 0.005 0.005 0.005 0.005 0.005 0.005 0.006 0.006 0.007 0.007 0.007 0.007 0.007 0.008 0.008 0.008 0.01 0.01 0.011 0.012 0.013 0.014 0.015 0.015 0.017 0.017 0.017 0.017 0.017 0.016 0.016 0.016 0.016 0.017 0.018 0.018 0.019 0.021 0.023 0.025 0.026 0.027 0.03 0.031 0.032 0.034 0.035 0.035 0.036 0.039 0.04 0.042 0.043 0.045 0.047 0.048 0.049 0.05 0.049 0.049 0.047 0.046 0.046 0.048 0.052 0.057
0.001 0.002 0.001 0.002 0.001 0.001 0.001 0.001 0.001 0.001 0.001 0.001 0.001 0.001 0.001 0.001 0.001 0.001 0.001 0.001 0.001 0.002 0.002 0.002 0.002 0.002 0.002 0.001 0.001 0.002 0.002 0.001 0.001 0.001 0.001 0.001 0.001 0.001 0.001 0.001 0.001 0.001 0.001 0.001 0.001 0.001 0.001 0.001 0.001 0.001 0.001 0.001 0.001 0.001 0.001 0.001 0.001 0.001 0.001 0.001 0.001 0.001 0.001 0.001 0.001 0.001 0.001 0.001 0.001 0.001 0.001 0.001 0.001 0.001 0.001 0.001 0.003 0.002 0.002 0.002 0.002 0.002 0.003 0.003 0.003 0.003 0.004 0.004 0.004 0.004 0.004 0.004 0.004 0.004 0.004 0.004 0.004 0.005 0.005 0.005 0.005 0.005 0.006 0.007 0.007 0.007 0.008 0.009 0.01 0.011 0.011 0.011 0.011 0.012 0.012 0.012 0.011 0.011 0.011 0.012 0.012 0.012 0.013 0.014 0.015 0.016 0.017 0.018 0.019 0.02 0.022 0.023 0.024 0.024 0.025 0.026 0.028 0.029 0.03 0.03 0.032 0.033 0.034 0.036 0.036 0.036 0.035 0.033 0.033 0.033 0.034 0.038
0.001 0.001 0.001 0.001 0.001 0.001 0.001 0.001 0.001 0.001 0.001 0.001 0.001 0.001 0.001 0.001 0.001 0.001 0.001 0.001 0.001 0.001 0.001 0.001 0.001 0.001 0.001 0.001 0.001 0.001 0.001 0.001 0 0 0 0 0 0 0 0 0 0 0 0 0 0 0 0.001 0.001 0.001 0.001 0.001 0.001 0.001 0.001 0.001 0.001 0.001 0.001 0.001 0.001 0.001 0.001 0.001 0.001 0.001 0.001 0.001 0.001 0.001 0.001 0.001 0.001 0.001 0.001 0.001 0.001 0.001 0.001 0.001 0.001 0.001 0.001 0.001 0.001 0.001 0.002 0.003 0.003 0.003 0.003 0.003 0.003 0.003 0.003 0.003 0.003 0.003 0.003 0.003 0.004 0.004 0.004 0.004 0.004 0.004 0.005 0.005 0.006 0.007 0.007 0.007 0.008 0.008 0.008 0.008 0.008 0.008 0.008 0.008 0.008 0.008 0.008 0.009 0.009 0.009 0.011 0.012 0.012 0.013 0.014 0.015 0.016 0.016 0.017 0.017 0.018 0.019 0.02 0.021 0.021 0.022 0.023 0.025 0.025 0.025 0.025 0.025 0.024 0.023 0.023 0.024
0 0.001 0 0.001 0 0 0 0 0 0 0 0 0 0 0 0 0 0 0 0 0 0 0.001 0.001 0.001 0.001 0.001 0 0 0 0 0 0 0 0 0 0 0 0 0 0 0 0 0 0 0 0 0 0 0 0 0 0 0 0 0 0 0 0 0 0 0 0 0.001 0.001 0.001 0.001 0.001 0.001 0.001 0.001 0.001 0 0 0 0.001 0.001 0.001 0.001 0.001 0.001 0.001 0.001 0.001 0.001 0.001 0.001 0.001 0.001 0.001 0.001 0.001 0.001 0.001 0.001 0.001 0.001 0.001 0.001 0.002 0.002 0.003 0.003 0.003 0.003 0.003 0.003 0.003 0.004 0.004 0.004 0.004 0.005 0.005 0.005 0.005 0.005 0.005 0.005 0.005 0.005 0.005 0.005 0.005 0.005 0.006 0.007 0.008 0.008 0.008 0.009 0.009 0.01 0.01 0.01 0.011 0.012 0.012 0.013 0.014 0.014 0.014 0.015 0.015 0.017 0.017 0.017 0.017 0.017 0.017 0.015 0.015
0 0 0 0 0 0 0 0 0 0 0 0 0 0 0 0 0 0 0 0 0 0 0 0 0 0 0 0 0 0 0 0 0 0 0 0 0 0 0 0 0 0 0 0 0 0 0 0 0 0 0 0 0 0 0 0 0 0 0 0 0 0 0 0 0 0 0 0 0 0 0 0 0 0 0 0 0 0 0 0 0 0 0 0 0 0.001 0.001 0.001 0.001 0.001 0.001 0.001 0.001 0.001 0.001 0.001 0.001 0.001 0.001 0.001 0.001 0.001 0.001 0.001 0.001 0.001 0.001 0.001 0.002 0.003 0.003 0.003 0.003 0.003 0.003 0.003 0.004 0.004 0.004 0.004 0.004 0.004 0.004 0.004 0.004 0.004 0.004 0.004 0.005 0.005 0.005 0.005 0.006 0.006 0.006 0.007 0.008 0.008 0.008 0.009 0.009 0.009 0.01 0.01 0.01 0.011 0.011 0.011 0.011 0.011 0.011 0.01
0 0 0 0 0 0 0 0 0 0 0 0 0 0 0 0 0 0 0 0 0 0 0 0 0 0 0 0 0 0 0 0 0 0 0 0 0 0 0 0 0 0 0 0 0 0 0 0 0 0 0 0 0 0 0 0 0 0 0 0 0 0 0 0 0 0 0 0 0 0 0 0 0 0 0 0 0 0 0 0 0 0 0 0 0 0 0 0 0 0 0 0 0 0 0 0 0 0 0.001 0.001 0.001 0.001 0.001 0.001 0.001 0.001 0.001 0.001 0.001 0.001 0.001 0.001 0.001 0.001 0.001 0.001 0.002 0.002 0.002 0.002 0.002 0.002 0.002 0.002 0.002 0.002 0.003 0.003 0.003 0.003 0.003 0.004 0.004 0.004 0.004 0.004 0.005 0.005 0.005 0.005 0.005 0.006 0.006 0.006 0.006 0.006 0.007 0.007 0.007 0.007 0.007 0.007
0 0 0 0 0 0 0 0 0 0 0 0 0 0 0 0 0 0 0 0 0 0 0 0 0 0 0 0 0 0 0 0 0 0 0 0 0 0 0 0 0 0 0 0 0 0 0 0 0 0 0 0 0 0 0 0 0 0 0 0 0 0 0 0 0 0 0 0 0 0 0 0 0 0 0 0 0 0 0 0 0 0 0 0 0 0 0 0 0 0 0 0 0 0 0 0 0 0 0 0 0 0 0 0 0 0 0 0 0 0.001 0.001 0.001 0.001 0.001 0.001 0.001 0.002 0.002 0.002 0.002 0.002 0.002 0.002 0.002 0.002 0.002 0.002 0.002 0.002 0.002 0.002 0.003 0.004 0.004 0.004 0.004 0.004 0.005 0.005 0.005 0.006 0.007 0.008 0.008 0.008 0.008 0.008 0.009 0.009 0.009 0.009 0.009
